# Temperature =  3300.0 K   Log[g] =  3.5   Log[Z/H] = -2.0
      0.0100  0.0000E+00
      0.0101  0.0000E+00
      0.0101  0.0000E+00
      0.0102  0.0000E+00
      0.0103  0.0000E+00
      0.0103  0.0000E+00
      0.0104  0.0000E+00
      0.0104  0.0000E+00
      0.0105  0.0000E+00
      0.0106  0.0000E+00
      0.0106  0.0000E+00
      0.0107  0.0000E+00
      0.0107  0.0000E+00
      0.0108  0.0000E+00
      0.0109  0.0000E+00
      0.0109  0.0000E+00
      0.0110  0.0000E+00
      0.0110  0.0000E+00
      0.0111  0.0000E+00
      0.0112  0.0000E+00
      0.0112  0.0000E+00
      0.0113  0.0000E+00
      0.0114  0.0000E+00
      0.0114  0.0000E+00
      0.0115  0.0000E+00
      0.0116  0.0000E+00
      0.0116  0.0000E+00
      0.0117  0.0000E+00
      0.0118  0.0000E+00
      0.0118  0.0000E+00
      0.0119  0.0000E+00
      0.0120  0.0000E+00
      0.0120  0.0000E+00
      0.0121  0.0000E+00
      0.0122  0.0000E+00
      0.0122  0.0000E+00
      0.0123  0.0000E+00
      0.0124  0.0000E+00
      0.0125  0.0000E+00
      0.0125  0.0000E+00
      0.0126  0.0000E+00
      0.0127  0.0000E+00
      0.0127  0.0000E+00
      0.0128  0.0000E+00
      0.0129  0.0000E+00
      0.0130  0.0000E+00
      0.0130  0.0000E+00
      0.0131  0.0000E+00
      0.0132  0.0000E+00
      0.0133  0.0000E+00
      0.0133  0.0000E+00
      0.0134  0.0000E+00
      0.0135  0.0000E+00
      0.0136  0.0000E+00
      0.0136  0.0000E+00
      0.0137  0.0000E+00
      0.0138  0.0000E+00
      0.0139  0.0000E+00
      0.0140  0.0000E+00
      0.0140  0.0000E+00
      0.0141  0.0000E+00
      0.0142  0.0000E+00
      0.0143  0.0000E+00
      0.0144  0.0000E+00
      0.0144  0.0000E+00
      0.0145  0.0000E+00
      0.0146  0.0000E+00
      0.0147  0.0000E+00
      0.0148  0.0000E+00
      0.0149  0.0000E+00
      0.0149  0.0000E+00
      0.0150  0.0000E+00
      0.0151  0.0000E+00
      0.0152  0.0000E+00
      0.0153  0.0000E+00
      0.0154  0.0000E+00
      0.0155  0.0000E+00
      0.0156  0.0000E+00
      0.0156  0.0000E+00
      0.0157  0.0000E+00
      0.0158  0.0000E+00
      0.0159  0.0000E+00
      0.0160  0.0000E+00
      0.0161  0.0000E+00
      0.0162  0.0000E+00
      0.0163  0.0000E+00
      0.0164  0.0000E+00
      0.0165  0.0000E+00
      0.0166  0.0000E+00
      0.0167  0.0000E+00
      0.0168  0.0000E+00
      0.0169  0.0000E+00
      0.0169  0.0000E+00
      0.0170  0.0000E+00
      0.0171  0.0000E+00
      0.0172  0.0000E+00
      0.0173  0.0000E+00
      0.0174  0.0000E+00
      0.0175  0.0000E+00
      0.0176  0.0000E+00
      0.0177  0.0000E+00
      0.0178  0.0000E+00
      0.0179  0.0000E+00
      0.0180  0.0000E+00
      0.0181  0.0000E+00
      0.0183  0.0000E+00
      0.0184  0.0000E+00
      0.0185  0.0000E+00
      0.0186  0.0000E+00
      0.0187  0.0000E+00
      0.0188  0.0000E+00
      0.0189  0.0000E+00
      0.0190  0.0000E+00
      0.0191  0.0000E+00
      0.0192  0.0000E+00
      0.0193  0.0000E+00
      0.0194  0.0000E+00
      0.0195  0.0000E+00
      0.0197  0.0000E+00
      0.0198  0.0000E+00
      0.0199  0.0000E+00
      0.0200  0.0000E+00
      0.0201  0.0000E+00
      0.0202  0.0000E+00
      0.0203  0.0000E+00
      0.0205  0.0000E+00
      0.0206  0.0000E+00
      0.0207  0.0000E+00
      0.0208  0.0000E+00
      0.0209  0.0000E+00
      0.0211  0.0000E+00
      0.0212  0.0000E+00
      0.0213  0.0000E+00
      0.0214  0.0000E+00
      0.0215  0.0000E+00
      0.0217  0.0000E+00
      0.0218  0.0000E+00
      0.0219  0.0000E+00
      0.0220  0.0000E+00
      0.0222  0.0000E+00
      0.0223  0.0000E+00
      0.0224  0.0000E+00
      0.0225  0.0000E+00
      0.0227  0.0000E+00
      0.0228  0.0000E+00
      0.0229  0.0000E+00
      0.0231  0.0000E+00
      0.0232  0.0000E+00
      0.0233  0.0000E+00
      0.0235  0.0000E+00
      0.0236  0.0000E+00
      0.0237  0.0000E+00
      0.0239  0.0000E+00
      0.0240  0.0000E+00
      0.0241  0.0000E+00
      0.0243  0.0000E+00
      0.0244  0.0000E+00
      0.0246  0.0000E+00
      0.0247  0.0000E+00
      0.0248  0.0000E+00
      0.0250  0.0000E+00
      0.0251  0.0000E+00
      0.0253  0.0000E+00
      0.0254  0.0000E+00
      0.0256  0.0000E+00
      0.0257  0.0000E+00
      0.0258  0.0000E+00
      0.0260  0.0000E+00
      0.0261  0.0000E+00
      0.0263  0.0000E+00
      0.0264  0.0000E+00
      0.0266  0.0000E+00
      0.0267  0.0000E+00
      0.0269  0.0000E+00
      0.0271  0.0000E+00
      0.0272  0.0000E+00
      0.0274  0.0000E+00
      0.0275  0.0000E+00
      0.0277  0.0000E+00
      0.0278  0.0000E+00
      0.0280  0.0000E+00
      0.0282  0.0000E+00
      0.0283  0.0000E+00
      0.0285  0.0000E+00
      0.0286  0.0000E+00
      0.0288  0.0000E+00
      0.0290  0.0000E+00
      0.0291  0.0000E+00
      0.0293  0.0000E+00
      0.0295  0.0000E+00
      0.0296  0.0000E+00
      0.0298  0.0000E+00
      0.0300  0.0000E+00
      0.0302  0.0000E+00
      0.0303  0.0000E+00
      0.0305  0.0000E+00
      0.0307  0.0000E+00
      0.0308  0.0000E+00
      0.0310  0.0000E+00
      0.0312  0.0000E+00
      0.0314  0.0000E+00
      0.0316  0.0000E+00
      0.0317  0.0000E+00
      0.0319  0.0000E+00
      0.0321  0.0000E+00
      0.0323  0.0000E+00
      0.0325  0.0000E+00
      0.0327  0.0000E+00
      0.0328  0.0000E+00
      0.0330  0.0000E+00
      0.0332  0.0000E+00
      0.0334  0.0000E+00
      0.0336  0.0000E+00
      0.0338  0.0000E+00
      0.0340  0.0000E+00
      0.0342  0.0000E+00
      0.0344  0.0000E+00
      0.0346  0.0000E+00
      0.0348  0.0000E+00
      0.0350  0.0000E+00
      0.0352  0.0000E+00
      0.0354  0.0000E+00
      0.0356  0.0000E+00
      0.0358  0.0000E+00
      0.0360  0.0000E+00
      0.0362  0.0000E+00
      0.0364  0.0000E+00
      0.0366  0.0000E+00
      0.0368  0.0000E+00
      0.0370  0.0000E+00
      0.0372  0.0000E+00
      0.0375  0.0000E+00
      0.0377  0.0000E+00
      0.0379  0.0000E+00
      0.0381  0.0000E+00
      0.0383  0.0000E+00
      0.0385  0.0000E+00
      0.0388  0.0000E+00
      0.0390  0.0000E+00
      0.0392  0.0000E+00
      0.0394  0.0000E+00
      0.0396  0.0000E+00
      0.0399  0.0000E+00
      0.0401  0.0000E+00
      0.0403  0.0000E+00
      0.0406  0.0000E+00
      0.0408  0.0000E+00
      0.0410  0.0000E+00
      0.0413  0.0000E+00
      0.0415  0.0000E+00
      0.0417  0.0000E+00
      0.0420  0.0000E+00
      0.0422  0.0000E+00
      0.0425  0.0000E+00
      0.0427  0.0000E+00
      0.0429  0.0000E+00
      0.0432  0.0000E+00
      0.0434  0.0000E+00
      0.0437  0.0000E+00
      0.0439  0.0000E+00
      0.0442  0.0000E+00
      0.0444  0.0000E+00
      0.0447  0.0000E+00
      0.0449  0.0000E+00
      0.0452  0.0000E+00
      0.0455  0.0000E+00
      0.0457  0.0000E+00
      0.0460  0.0000E+00
      0.0462  0.0000E+00
      0.0465  0.0000E+00
      0.0468  0.0000E+00
      0.0470  0.0000E+00
      0.0473  0.0000E+00
      0.0476  0.0000E+00
      0.0479  0.0000E+00
      0.0481  0.0000E+00
      0.0484  0.0000E+00
      0.0487  0.0000E+00
      0.0490  0.0000E+00
      0.0492  0.0000E+00
      0.0495  0.0000E+00
      0.0498  0.0000E+00
      0.0501  0.0000E+00
      0.0504  0.0000E+00
      0.0507  0.0000E+00
      0.0510  0.0000E+00
      0.0513  0.0000E+00
      0.0515  0.0000E+00
      0.0518  0.0000E+00
      0.0521  0.0000E+00
      0.0524  0.0000E+00
      0.0527  0.0000E+00
      0.0530  0.0000E+00
      0.0533  0.0000E+00
      0.0536  0.0000E+00
      0.0539  0.0000E+00
      0.0543  0.0000E+00
      0.0546  0.0000E+00
      0.0549  0.0000E+00
      0.0552  0.0000E+00
      0.0555  0.0000E+00
      0.0558  0.0000E+00
      0.0561  0.0000E+00
      0.0565  0.0000E+00
      0.0568  0.0000E+00
      0.0571  0.0000E+00
      0.0574  0.0000E+00
      0.0578  0.0000E+00
      0.0581  0.0000E+00
      0.0584  0.0000E+00
      0.0588  0.0000E+00
      0.0591  0.0000E+00
      0.0594  0.0000E+00
      0.0598  0.0000E+00
      0.0601  0.0000E+00
      0.0605  0.0000E+00
      0.0608  0.0000E+00
      0.0612  0.0000E+00
      0.0615  0.0000E+00
      0.0619  0.0000E+00
      0.0622  0.0000E+00
      0.0626  0.0000E+00
      0.0629  0.0000E+00
      0.0633  0.0000E+00
      0.0637  0.0000E+00
      0.0640  0.0000E+00
      0.0644  0.0000E+00
      0.0648  0.0000E+00
      0.0651  0.0000E+00
      0.0655  0.0000E+00
      0.0659  0.0000E+00
      0.0662  0.0000E+00
      0.0666  0.0000E+00
      0.0670  0.0000E+00
      0.0674  0.0000E+00
      0.0678  0.0000E+00
      0.0682  0.0000E+00
      0.0686  0.0000E+00
      0.0689  0.0000E+00
      0.0693  0.0000E+00
      0.0697  0.0000E+00
      0.0701  0.0000E+00
      0.0705  0.0000E+00
      0.0709  0.0000E+00
      0.0713  0.0000E+00
      0.0718  0.0000E+00
      0.0722  0.0000E+00
      0.0726  0.0000E+00
      0.0730  0.0000E+00
      0.0734  0.0000E+00
      0.0738  0.0000E+00
      0.0743  0.0000E+00
      0.0747  0.0000E+00
      0.0751  0.0000E+00
      0.0755  0.0000E+00
      0.0760  0.0000E+00
      0.0764  0.0000E+00
      0.0768  0.0000E+00
      0.0773  0.0000E+00
      0.0777  0.0000E+00
      0.0782  0.0000E+00
      0.0786  0.0000E+00
      0.0791  0.0000E+00
      0.0795  0.0000E+00
      0.0800  0.0000E+00
      0.0804  0.0000E+00
      0.0809  0.0000E+00
      0.0813  0.0000E+00
      0.0818  0.0000E+00
      0.0823  0.0000E+00
      0.0828  0.0000E+00
      0.0832  0.0000E+00
      0.0837  0.0000E+00
      0.0842  0.0000E+00
      0.0847  0.0000E+00
      0.0851  0.0000E+00
      0.0856  0.0000E+00
      0.0861  0.0000E+00
      0.0866  0.0000E+00
      0.0871  0.0000E+00
      0.0876  0.0000E+00
      0.0881  0.0000E+00
      0.0886  0.0000E+00
      0.0891  0.0000E+00
      0.0896  0.0000E+00
      0.0901  0.0000E+00
      0.0907  0.0000E+00
      0.0912  0.0000E+00
      0.0917  0.0000E+00
      0.0922  0.0000E+00
      0.0928  0.0000E+00
      0.0933  0.0000E+00
      0.0938  0.0000E+00
      0.0944  0.0000E+00
      0.0949  0.0000E+00
      0.0954  0.0000E+00
      0.0960  0.0000E+00
      0.0965  0.0000E+00
      0.0971  0.0000E+00
      0.0976  0.0000E+00
      0.0982  0.0000E+00
      0.0988  0.0000E+00
      0.0993  0.0000E+00
      0.0999  0.0000E+00
      0.1005  0.0000E+00
      0.1010  0.0000E+00
      0.1016  0.0000E+00
      0.1022  0.0000E+00
      0.1028  0.0000E+00
      0.1034  0.0000E+00
      0.1040  0.0000E+00
      0.1046  0.0000E+00
      0.1052  0.0000E+00
      0.1058  0.0000E+00
      0.1064  0.0000E+00
      0.1070  0.0000E+00
      0.1076  0.0000E+00
      0.1082  0.0000E+00
      0.1088  0.0000E+00
      0.1094  0.0000E+00
      0.1101  0.0000E+00
      0.1107  0.0000E+00
      0.1113  0.0000E+00
      0.1120  0.0000E+00
      0.1126  0.0000E+00
      0.1132  0.0000E+00
      0.1139  0.0000E+00
      0.1145  0.0000E+00
      0.1152  0.0000E+00
      0.1159  0.0000E+00
      0.1165  0.0000E+00
      0.1172  0.0000E+00
      0.1179  0.0000E+00
      0.1185  0.0000E+00
      0.1192  0.0000E+00
      0.1199  0.0000E+00
      0.1206  0.0000E+00
      0.1213  0.0000E+00
      0.1220  0.0000E+00
      0.1227  0.0000E+00
      0.1234  0.0000E+00
      0.1241  0.0000E+00
      0.1248  0.0000E+00
      0.1255  0.0000E+00
      0.1262  0.0000E+00
      0.1269  0.0000E+00
      0.1277  0.0000E+00
      0.1284  0.0000E+00
      0.1291  0.0000E+00
      0.1299  0.0000E+00
      0.1306  0.0000E+00
      0.1313  0.0000E+00
      0.1321  0.0000E+00
      0.1329  0.0000E+00
      0.1336  0.0000E+00
      0.1344  0.0000E+00
      0.1351  0.0000E+00
      0.1359  0.0000E+00
      0.1367  0.0000E+00
      0.1375  0.0000E+00
      0.1383  0.0000E+00
      0.1391  0.0000E+00
      0.1399  0.0000E+00
      0.1407  0.0000E+00
      0.1415  0.0000E+00
      0.1423  0.0000E+00
      0.1431  0.0000E+00
      0.1439  0.0000E+00
      0.1447  0.0000E+00
      0.1455  0.0000E+00
      0.1464  0.0000E+00
      0.1472  0.0000E+00
      0.1481  0.0000E+00
      0.1489  0.0000E+00
      0.1498  0.0000E+00
      0.1506  0.0000E+00
      0.1515  0.0000E+00
      0.1523  0.0000E+00
      0.1532  0.0000E+00
      0.1541  0.0000E+00
      0.1550  0.0000E+00
      0.1559  0.0000E+00
      0.1568  0.0000E+00
      0.1576  0.0000E+00
      0.1585  0.0000E+00
      0.1595  0.0000E+00
      0.1604  0.0000E+00
      0.1613  0.0000E+00
      0.1622  0.0000E+00
      0.1631  0.0000E+00
      0.1641  0.0000E+00
      0.1650  0.0000E+00
      0.1660  0.0000E+00
      0.1669  0.0000E+00
      0.1679  0.0000E+00
      0.1688  0.0000E+00
      0.1698  0.0000E+00
      0.1708  0.0000E+00
      0.1717  0.0000E+00
      0.1727  0.0000E+00
      0.1737  0.0000E+00
      0.1747  0.0000E+00
      0.1757  0.0000E+00
      0.1767  2.9584E-17
      0.1777  3.2495E-17
      0.1787  6.7939E-17
      0.1797  3.5542E-17
      0.1808  7.0748E-17
      0.1818  3.6259E-17
      0.1828  9.5610E-17
      0.1839  4.7216E-17
      0.1849  1.1087E-16
      0.1860  9.2896E-17
      0.1871  8.0578E-17
      0.1881  7.7846E-17
      0.1892  1.6331E-16
      0.1903  2.2986E-16
      0.1914  2.3206E-16
      0.1925  3.5685E-16
      0.1936  7.6189E-16
      0.1947  7.6760E-16
      0.1958  6.3445E-16
      0.1969  9.7351E-16
      0.1980  9.9719E-16
      0.1992  1.6239E-15
      0.2003  1.3712E-15
      0.2015  1.9357E-15
      0.2026  2.0662E-15
      0.2038  2.2983E-15
      0.2049  2.0402E-15
      0.2061  3.0878E-15
      0.2073  5.5860E-15
      0.2085  6.9065E-15
      0.2097  2.5860E-14
      0.2109  1.6026E-14
      0.2121  1.6977E-14
      0.2133  9.5198E-15
      0.2145  4.7048E-14
      0.2157  1.4056E-14
      0.2170  2.0638E-14
      0.2182  1.1374E-13
      0.2195  7.8550E-14
      0.2207  2.9190E-14
      0.2220  4.5912E-14
      0.2233  4.3574E-13
      0.2245  9.2123E-14
      0.2258  2.0560E-14
      0.2271  7.8451E-14
      0.2284  1.1079E-13
      0.2297  8.1971E-13
      0.2310  2.3136E-13
      0.2323  9.7972E-13
      0.2337  1.7204E-12
      0.2350  5.9459E-13
      0.2364  4.1587E-13
      0.2377  1.0310E-13
      0.2391  7.0442E-13
      0.2404  8.2724E-12
      0.2418  4.8021E-12
      0.2432  1.5543E-11
      0.2446  1.1130E-11
      0.2460  1.5104E-11
      0.2474  8.5260E-12
      0.2488  1.7303E-12
      0.2502  6.0445E-12
      0.2517  3.3874E-12
      0.2531  1.7733E-11
      0.2545  1.8952E-11
      0.2560  2.2697E-11
      0.2575  2.5565E-11
      0.2589  6.0573E-12
      0.2604  2.1402E-10
      0.2619  9.1718E-11
      0.2634  1.7863E-10
      0.2649  1.1853E-10
      0.2664  1.1218E-10
      0.2680  2.8629E-10
      0.2695  1.2771E-10
      0.2710  3.3071E-10
      0.2726  1.8318E-10
      0.2741  1.8897E-10
      0.2757  2.7206E-10
      0.2773  4.7591E-10
      0.2789  2.3203E-10
      0.2805  2.2296E-10
      0.2821  2.5018E-10
      0.2837  2.6242E-10
      0.2853  6.6520E-11
      0.2869  3.6119E-10
      0.2886  9.6984E-10
      0.2902  1.1783E-09
      0.2919  1.5799E-09
      0.2936  1.5428E-09
      0.2952  1.2189E-09
      0.2969  1.1080E-09
      0.2986  1.3968E-09
      0.3003  7.7970E-10
      0.3021  1.2150E-09
      0.3038  2.0696E-09
      0.3055  1.3973E-09
      0.3073  1.6328E-09
      0.3090  1.5698E-09
      0.3108  2.3246E-09
      0.3126  5.5152E-09
      0.3144  6.0794E-09
      0.3162  1.1149E-08
      0.3180  1.4982E-08
      0.3198  8.7423E-09
      0.3216  1.4204E-08
      0.3234  7.9793E-09
      0.3253  1.7895E-08
      0.3272  1.8336E-08
      0.3290  3.2114E-08
      0.3309  3.0694E-08
      0.3328  3.0392E-08
      0.3347  2.5077E-08
      0.3366  1.6552E-08
      0.3385  2.2110E-08
      0.3405  2.9790E-08
      0.3424  1.9600E-08
      0.3444  1.3439E-08
      0.3464  2.1055E-08
      0.3483  2.6426E-08
      0.3503  2.9392E-08
      0.3523  2.2752E-08
      0.3544  6.1310E-08
      0.3564  4.0285E-08
      0.3584  1.6608E-08
      0.3605  3.1466E-08
      0.3625  4.1654E-08
      0.3646  4.6099E-08
      0.3667  9.0717E-08
      0.3688  7.2619E-08
      0.3709  6.4593E-08
      0.3730  1.9679E-08
      0.3752  2.4583E-08
      0.3773  9.4241E-08
      0.3795  1.0232E-07
      0.3816  7.7049E-08
      0.3838  5.8081E-08
      0.3860  5.5728E-08
      0.3882  6.8912E-08
      0.3904  6.8324E-08
      0.3927  7.3289E-08
      0.3949  6.1291E-08
      0.3972  8.2414E-08
      0.3994  2.1100E-07
      0.4017  2.3441E-07
      0.4040  1.6461E-07
      0.4063  2.4867E-07
      0.4087  3.2382E-07
      0.4110  1.6083E-07
      0.4134  1.8524E-07
      0.4157  1.8711E-07
      0.4181  2.2322E-07
      0.4205  2.2345E-07
      0.4229  6.5758E-08
      0.4253  1.7302E-07
      0.4277  1.9549E-07
      0.4302  2.4273E-07
      0.4327  3.2831E-07
      0.4351  4.5693E-07
      0.4376  4.7655E-07
      0.4401  4.7474E-07
      0.4426  5.2829E-07
      0.4452  6.0675E-07
      0.4477  6.9245E-07
      0.4503  8.2239E-07
      0.4529  4.8270E-07
      0.4554  7.4217E-07
      0.4580  9.1020E-07
      0.4607  8.9975E-07
      0.4633  1.0900E-06
      0.4660  1.0219E-06
      0.4686  1.1174E-06
      0.4713  1.0491E-06
      0.4740  1.0260E-06
      0.4767  1.0177E-06
      0.4794  1.0431E-06
      0.4822  1.2511E-06
      0.4849  1.2773E-06
      0.4877  1.3999E-06
      0.4905  1.4507E-06
      0.4933  1.4312E-06
      0.4961  1.2792E-06
      0.4990  1.2553E-06
      0.5018  1.0867E-06
      0.5047  1.1783E-06
      0.5076  1.0928E-06
      0.5105  9.2124E-07
      0.5134  1.1683E-06
      0.5163  8.4621E-07
      0.5193  1.2314E-06
      0.5223  1.3880E-06
      0.5252  1.9365E-06
      0.5282  1.9163E-06
      0.5313  2.2140E-06
      0.5343  2.1074E-06
      0.5374  2.4461E-06
      0.5404  2.2775E-06
      0.5435  2.1211E-06
      0.5466  2.2168E-06
      0.5498  2.6292E-06
      0.5529  2.4840E-06
      0.5561  2.8562E-06
      0.5593  2.4461E-06
      0.5625  3.0713E-06
      0.5657  3.2674E-06
      0.5689  3.3076E-06
      0.5722  3.4772E-06
      0.5754  3.6094E-06
      0.5787  3.6912E-06
      0.5820  3.8116E-06
      0.5854  3.7885E-06
      0.5887  2.4481E-06
      0.5921  3.6563E-06
      0.5955  4.0513E-06
      0.5989  4.1838E-06
      0.6023  4.3619E-06
      0.6057  4.4617E-06
      0.6092  4.4113E-06
      0.6127  4.1478E-06
      0.6162  4.0219E-06
      0.6197  4.4515E-06
      0.6233  4.2631E-06
      0.6268  4.0966E-06
      0.6304  4.5297E-06
      0.6340  4.9183E-06
      0.6377  4.3721E-06
      0.6413  4.7144E-06
      0.6450  5.2413E-06
      0.6487  5.2044E-06
      0.6524  5.6849E-06
      0.6561  5.5914E-06
      0.6599  6.0641E-06
      0.6636  6.2415E-06
      0.6674  6.2432E-06
      0.6712  6.1014E-06
      0.6751  6.1282E-06
      0.6789  6.3221E-06
      0.6828  6.2884E-06
      0.6867  6.2421E-06
      0.6907  5.8330E-06
      0.6946  5.8077E-06
      0.6986  6.5582E-06
      0.7026  7.1520E-06
      0.7066  7.5460E-06
      0.7106  7.3789E-06
      0.7147  7.1821E-06
      0.7188  7.6354E-06
      0.7229  7.8076E-06
      0.7270  8.3210E-06
      0.7312  8.4910E-06
      0.7354  8.4956E-06
      0.7396  8.9542E-06
      0.7438  9.0450E-06
      0.7481  9.1387E-06
      0.7523  9.3731E-06
      0.7567  9.5505E-06
      0.7610  9.6249E-06
      0.7653  9.5476E-06
      0.7697  9.7298E-06
      0.7741  1.0028E-05
      0.7785  1.0085E-05
      0.7830  1.0362E-05
      0.7875  1.0437E-05
      0.7920  1.0688E-05
      0.7965  1.0806E-05
      0.8011  1.1024E-05
      0.8056  1.1112E-05
      0.8103  1.1273E-05
      0.8149  1.1507E-05
      0.8196  1.1474E-05
      0.8242  1.1758E-05
      0.8290  1.1945E-05
      0.8337  1.1975E-05
      0.8385  1.1560E-05
      0.8433  1.1812E-05
      0.8481  1.2432E-05
      0.8529  1.2118E-05
      0.8578  1.2800E-05
      0.8627  1.2779E-05
      0.8677  1.2218E-05
      0.8726  1.2784E-05
      0.8776  1.3270E-05
      0.8826  1.3153E-05
      0.8877  1.3556E-05
      0.8928  1.3680E-05
      0.8979  1.3938E-05
      0.9030  1.3600E-05
      0.9082  1.4023E-05
      0.9134  1.4354E-05
      0.9186  1.4404E-05
      0.9238  1.4564E-05
      0.9291  1.4746E-05
      0.9344  1.4974E-05
      0.9398  1.5091E-05
      0.9452  1.5316E-05
      0.9506  1.5556E-05
      0.9560  1.5658E-05
      0.9615  1.5552E-05
      0.9670  1.4811E-05
      0.9725  1.5718E-05
      0.9781  1.5565E-05
      0.9837  1.6440E-05
      0.9893  1.5947E-05
      0.9949  1.5971E-05
      1.0006  1.6299E-05
      1.0064  1.6212E-05
      1.0121  1.6679E-05
      1.0179  1.6595E-05
      1.0237  1.6971E-05
      1.0296  1.6844E-05
      1.0355  1.6958E-05
      1.0414  1.7311E-05
      1.0474  1.7822E-05
      1.0533  1.7960E-05
      1.0594  1.8181E-05
      1.0654  1.8464E-05
      1.0715  1.8289E-05
      1.0777  1.8627E-05
      1.0838  1.8713E-05
      1.0900  1.8993E-05
      1.0962  1.9052E-05
      1.1025  1.9122E-05
      1.1088  1.9191E-05
      1.1152  1.9454E-05
      1.1215  1.9520E-05
      1.1280  1.9509E-05
      1.1344  1.9731E-05
      1.1409  1.9778E-05
      1.1474  1.9960E-05
      1.1540  2.0169E-05
      1.1606  2.0197E-05
      1.1672  2.0355E-05
      1.1739  2.0579E-05
      1.1806  2.0280E-05
      1.1874  2.0194E-05
      1.1942  2.0817E-05
      1.2010  2.0646E-05
      1.2079  2.0993E-05
      1.2148  2.1147E-05
      1.2217  2.1354E-05
      1.2287  2.1499E-05
      1.2357  2.1684E-05
      1.2428  2.1587E-05
      1.2499  2.1922E-05
      1.2571  2.2037E-05
      1.2643  2.2030E-05
      1.2715  2.2216E-05
      1.2788  2.2320E-05
      1.2861  2.2480E-05
      1.2934  2.2668E-05
      1.3008  2.2835E-05
      1.3083  2.2947E-05
      1.3158  2.2606E-05
      1.3233  2.3065E-05
      1.3309  2.2901E-05
      1.3385  2.1425E-05
      1.3461  2.1750E-05
      1.3538  2.1502E-05
      1.3616  2.1944E-05
      1.3694  2.2254E-05
      1.3772  2.2601E-05
      1.3851  2.2615E-05
      1.3930  2.1435E-05
      1.4010  2.1878E-05
      1.4090  2.2260E-05
      1.4170  2.1733E-05
      1.4251  2.2167E-05
      1.4333  2.2210E-05
      1.4415  2.2432E-05
      1.4497  2.2119E-05
      1.4580  2.2249E-05
      1.4664  2.1876E-05
      1.4748  2.2199E-05
      1.4832  2.2447E-05
      1.4917  2.2543E-05
      1.5002  2.2707E-05
      1.5088  2.3094E-05
      1.5174  2.3064E-05
      1.5261  2.3601E-05
      1.5348  2.3842E-05
      1.5436  2.3454E-05
      1.5524  2.3649E-05
      1.5613  2.3879E-05
      1.5702  2.3949E-05
      1.5792  2.4571E-05
      1.5883  2.4274E-05
      1.5973  2.4885E-05
      1.6065  2.4529E-05
      1.6157  2.5298E-05
      1.6249  2.4425E-05
      1.6342  2.5086E-05
      1.6436  2.5476E-05
      1.6530  2.5248E-05
      1.6624  2.5358E-05
      1.6719  2.5158E-05
      1.6815  2.5450E-05
      1.6911  2.4945E-05
      1.7008  2.5155E-05
      1.7105  2.4424E-05
      1.7203  2.4053E-05
      1.7301  2.4060E-05
      1.7400  2.3373E-05
      1.7500  2.3130E-05
      1.7600  2.2530E-05
      1.7701  2.2439E-05
      1.7802  2.1614E-05
      1.7904  2.1786E-05
      1.8006  2.1129E-05
      1.8109  2.1030E-05
      1.8213  2.0689E-05
      1.8317  2.0649E-05
      1.8422  2.0446E-05
      1.8527  1.9648E-05
      1.8633  1.9146E-05
      1.8740  1.9883E-05
      1.8847  1.9977E-05
      1.8955  1.9841E-05
      1.9063  2.0191E-05
      1.9172  2.0178E-05
      1.9282  2.0008E-05
      1.9392  1.9941E-05
      1.9503  1.9358E-05
      1.9614  1.9743E-05
      1.9727  1.9625E-05
      1.9839  1.8908E-05
      1.9953  1.9073E-05
      2.0067  1.9052E-05
      2.0182  1.9117E-05
      2.0297  1.8957E-05
      2.0413  1.8962E-05
      2.0530  1.8874E-05
      2.0648  1.8896E-05
      2.0766  1.9157E-05
      2.0884  1.8939E-05
      2.1004  1.8933E-05
      2.1124  1.9052E-05
      2.1245  1.9159E-05
      2.1366  1.9029E-05
      2.1489  1.9210E-05
      2.1612  1.9162E-05
      2.1735  1.9107E-05
      2.1860  1.9201E-05
      2.1985  1.9194E-05
      2.2110  1.9119E-05
      2.2237  1.9069E-05
      2.2364  1.9043E-05
      2.2492  1.9042E-05
      2.2621  1.8921E-05
      2.2750  1.8905E-05
      2.2880  1.8818E-05
      2.3011  1.7932E-05
      2.3143  1.8255E-05
      2.3275  1.7628E-05
      2.3408  1.7774E-05
      2.3542  1.7423E-05
      2.3677  1.7368E-05
      2.3812  1.7134E-05
      2.3948  1.6921E-05
      2.4085  1.6543E-05
      2.4223  1.6126E-05
      2.4362  1.5794E-05
      2.4501  1.5116E-05
      2.4641  1.5254E-05
      2.4782  1.4564E-05
      2.4924  1.4137E-05
      2.5066  1.3650E-05
      2.5210  1.3482E-05
      2.5354  1.3583E-05
      2.5499  1.3683E-05
      2.5645  1.3345E-05
      2.5792  1.3497E-05
      2.5939  1.3319E-05
      2.6087  1.3816E-05
      2.6237  1.3892E-05
      2.6387  1.3921E-05
      2.6538  1.4256E-05
      2.6689  1.4191E-05
      2.6842  1.3353E-05
      2.6996  1.3251E-05
      2.7150  1.3159E-05
      2.7305  1.2789E-05
      2.7462  1.2582E-05
      2.7619  1.2475E-05
      2.7777  1.2606E-05
      2.7936  1.2508E-05
      2.8095  1.2132E-05
      2.8256  1.2091E-05
      2.8418  1.2052E-05
      2.8580  1.2138E-05
      2.8744  1.1899E-05
      2.8908  1.1970E-05
      2.9073  1.1810E-05
      2.9240  1.1372E-05
      2.9407  1.1708E-05
      2.9575  1.1400E-05
      2.9744  1.1685E-05
      2.9915  1.1397E-05
      3.0086  1.1310E-05
      3.0258  1.1379E-05
      3.0431  1.1313E-05
      3.0605  1.1376E-05
      3.0780  1.1444E-05
      3.0956  1.0745E-05
      3.1133  1.1171E-05
      3.1311  1.1270E-05
      3.1490  1.1212E-05
      3.1670  1.1193E-05
      3.1852  1.1316E-05
      3.2034  1.1171E-05
      3.2217  1.1283E-05
      3.2401  1.1375E-05
      3.2587  1.1492E-05
      3.2773  1.1408E-05
      3.2960  1.1207E-05
      3.3149  1.1301E-05
      3.3339  1.1409E-05
      3.3529  1.1506E-05
      3.3721  1.1480E-05
      3.3914  1.1278E-05
      3.4108  1.1232E-05
      3.4303  1.1492E-05
      3.4499  1.1168E-05
      3.4697  1.1332E-05
      3.4895  1.1307E-05
      3.5095  1.1357E-05
      3.5295  1.1216E-05
      3.5497  1.1221E-05
      3.5700  1.1084E-05
      3.5905  1.1231E-05
      3.6110  1.1200E-05
      3.6317  1.0979E-05
      3.6524  1.1088E-05
      3.6733  1.0925E-05
      3.6943  1.0980E-05
      3.7155  1.0782E-05
      3.7367  1.0819E-05
      3.7581  1.0757E-05
      3.7796  1.0750E-05
      3.8012  1.0659E-05
      3.8230  1.0633E-05
      3.8448  1.0506E-05
      3.8668  1.0538E-05
      3.8889  1.0448E-05
      3.9112  1.0334E-05
      3.9335  1.0244E-05
      3.9560  1.0157E-05
      3.9787  1.0066E-05
      4.0014  9.9234E-06
      4.0243  9.8442E-06
      4.0473  9.7058E-06
      4.0705  9.6015E-06
      4.0938  9.3432E-06
      4.1172  9.3754E-06
      4.1407  9.3490E-06
      4.1644  9.1484E-06
      4.1883  9.1742E-06
      4.2122  8.9816E-06
      4.2363  8.9885E-06
      4.2605  8.8584E-06
      4.2849  8.7724E-06
      4.3094  8.3635E-06
      4.3341  8.3918E-06
      4.3589  8.0475E-06
      4.3838  8.1144E-06
      4.4089  7.6686E-06
      4.4341  7.6133E-06
      4.4594  7.4713E-06
      4.4850  7.4907E-06
      4.5106  7.0997E-06
      4.5364  7.1849E-06
      4.5624  7.2465E-06
      4.5885  7.0839E-06
      4.6147  6.8803E-06
      4.6411  7.1792E-06
      4.6676  6.9403E-06
      4.6943  6.8401E-06
      4.7212  6.9128E-06
      4.7482  6.7288E-06
      4.7754  6.7159E-06
      4.8027  6.5269E-06
      4.8302  6.6436E-06
      4.8578  6.5918E-06
      4.8856  6.5223E-06
      4.9135  6.5110E-06
      4.9416  6.3865E-06
      4.9699  6.2939E-06
      4.9983  6.3253E-06
      5.0269  6.0362E-06
      5.0557  6.1668E-06
      5.0846  5.9994E-06
      5.1137  6.0453E-06
      5.1429  5.9042E-06
      5.1723  5.8674E-06
      5.2019  5.8481E-06
      5.2317  5.7022E-06
      5.2616  5.7812E-06
      5.2917  5.6304E-06
      5.3220  5.7246E-06
      5.3524  5.5528E-06
      5.3830  5.6210E-06
      5.4138  5.5056E-06
      5.4448  5.3407E-06
      5.4759  5.4162E-06
      5.5072  5.4621E-06
      5.5388  5.2522E-06
      5.5704  5.2185E-06
      5.6023  5.2916E-06
      5.6343  5.1769E-06
      5.6666  5.1517E-06
      5.6990  5.0693E-06
      5.7316  5.0020E-06
      5.7644  5.1161E-06
      5.7973  4.9921E-06
      5.8305  4.9593E-06
      5.8639  4.9714E-06
      5.8974  4.9042E-06
      5.9311  4.9132E-06
      5.9651  4.8243E-06
      5.9992  4.8740E-06
      6.0335  4.6990E-06
      6.0680  4.8267E-06
      6.1027  4.7948E-06
      6.1376  4.7602E-06
      6.1727  4.7439E-06
      6.2080  4.7368E-06
      6.2435  4.6585E-06
      6.2793  4.6353E-06
      6.3152  4.6021E-06
      6.3513  4.5165E-06
      6.3876  4.5147E-06
      6.4242  4.3360E-06
      6.4609  4.1771E-06
      6.4979  4.0778E-06
      6.5350  3.9533E-06
      6.5724  3.8783E-06
      6.6100  3.7370E-06
      6.6478  3.7228E-06
      6.6859  3.6940E-06
      6.7241  3.6750E-06
      6.7626  3.6374E-06
      6.8012  3.5663E-06
      6.8401  3.5619E-06
      6.8793  3.5935E-06
      6.9186  3.5436E-06
      6.9582  3.4668E-06
      6.9980  3.4848E-06
      7.0380  3.4339E-06
      7.0783  3.4136E-06
      7.1188  3.3805E-06
      7.1595  3.3821E-06
      7.2004  3.3435E-06
      7.2416  3.3014E-06
      7.2831  3.2816E-06
      7.3247  3.2426E-06
      7.3666  3.2283E-06
      7.4087  3.2205E-06
      7.4511  3.1707E-06
      7.4937  3.1865E-06
      7.5366  3.1494E-06
      7.5797  3.0953E-06
      7.6231  2.9630E-06
      7.6667  2.9804E-06
      7.7105  3.0484E-06
      7.7546  2.8942E-06
      7.7990  2.8954E-06
      7.8436  2.9068E-06
      7.8885  2.7624E-06
      7.9336  2.8339E-06
      7.9790  2.7532E-06
      8.0246  2.7630E-06
      8.0705  2.7214E-06
      8.1167  2.6920E-06
      8.1631  2.6976E-06
      8.2098  2.6361E-06
      8.2568  2.6326E-06
      8.3040  2.5966E-06
      8.3515  2.5525E-06
      8.3993  2.5559E-06
      8.4473  2.5209E-06
      8.4956  2.5074E-06
      8.5442  2.4903E-06
      8.5931  2.4794E-06
      8.6423  2.4835E-06
      8.6917  2.4420E-06
      8.7414  2.3931E-06
      8.7914  2.3933E-06
      8.8417  2.3751E-06
      8.8923  2.3755E-06
      8.9431  2.3500E-06
      8.9943  2.3409E-06
      9.0457  2.3238E-06
      9.0975  2.3072E-06
      9.1495  2.2950E-06
      9.2019  2.2789E-06
      9.2545  2.2491E-06
      9.3074  2.2392E-06
      9.3607  2.2322E-06
      9.4142  2.2097E-06
      9.4681  2.1695E-06
      9.5222  2.1789E-06
      9.5767  2.1551E-06
      9.6315  2.1119E-06
      9.6866  2.1057E-06
      9.7420  2.0908E-06
      9.7977  2.0828E-06
      9.8537  2.0545E-06
      9.9101  1.9905E-06
      9.9668  2.0114E-06
     10.0238  1.9896E-06
     10.0811  1.9477E-06
     10.1388  1.9406E-06
     10.1968  1.9318E-06
     10.2551  1.8989E-06
     10.3138  1.8650E-06
     10.3728  1.8655E-06
     10.4321  1.8295E-06
     10.4918  1.8015E-06
     10.5518  1.7908E-06
     10.6122  1.7671E-06
     10.6729  1.7661E-06
     10.7339  1.7163E-06
     10.7953  1.7183E-06
     10.8571  1.7138E-06
     10.9192  1.6463E-06
     10.9816  1.6391E-06
     11.0444  1.6180E-06
     11.1076  1.6166E-06
     11.1711  1.5910E-06
     11.2350  1.5655E-06
     11.2993  1.5558E-06
     11.3639  1.5352E-06
     11.4289  1.5286E-06
     11.4943  1.5143E-06
     11.5601  1.4586E-06
     11.6262  1.4634E-06
     11.6927  1.4661E-06
     11.7596  1.4093E-06
     11.8268  1.4206E-06
     11.8945  1.3992E-06
     11.9625  1.3933E-06
     12.0310  1.3791E-06
     12.0998  1.3623E-06
     12.1690  1.3490E-06
     12.2386  1.3344E-06
     12.3086  1.3218E-06
     12.3790  1.3122E-06
     12.4498  1.2777E-06
     12.5210  1.2649E-06
     12.5927  1.2722E-06
     12.6647  1.2478E-06
     12.7371  1.2506E-06
     12.8100  1.2012E-06
     12.8833  1.2162E-06
     12.9570  1.1884E-06
     13.0311  1.1760E-06
     13.1056  1.1810E-06
     13.1806  1.1528E-06
     13.2560  1.1401E-06
     13.3318  1.1291E-06
     13.4080  1.1297E-06
     13.4847  1.1041E-06
     13.5619  1.0916E-06
     13.6395  1.0874E-06
     13.7175  1.0721E-06
     13.7959  1.0637E-06
     13.8748  1.0492E-06
     13.9542  1.0515E-06
     14.0340  1.0376E-06
     14.1143  1.0158E-06
     14.1950  9.9394E-07
     14.2762  1.0171E-06
     14.3579  9.8865E-07
     14.4400  9.7733E-07
     14.5226  9.6690E-07
     14.6057  9.5967E-07
     14.6892  9.2926E-07
     14.7733  9.4332E-07
     14.8578  9.3071E-07
     14.9428  9.1828E-07
     15.0282  9.0269E-07
     15.1142  9.0726E-07
     15.2006  8.8967E-07
     15.2876  8.8003E-07
     15.3750  8.6392E-07
     15.4630  8.5786E-07
     15.5514  8.5770E-07
     15.6404  8.5141E-07
     15.7299  8.3423E-07
     15.8198  8.3656E-07
     15.9103  8.1841E-07
     16.0013  8.0550E-07
     16.0929  7.9725E-07
     16.1849  7.8147E-07
     16.2775  7.8500E-07
     16.3706  7.8251E-07
     16.4642  7.6999E-07
     16.5584  7.5420E-07
     16.6531  7.5451E-07
     16.7484  7.4962E-07
     16.8442  7.3622E-07
     16.9405  7.3665E-07
     17.0374  7.3154E-07
     17.1349  7.0979E-07
     17.2329  6.9782E-07
     17.3315  6.9471E-07
     17.4306  6.9644E-07
     17.5303  6.8543E-07
     17.6306  6.6872E-07
     17.7315  6.7156E-07
     17.8329  6.7274E-07
     17.9349  6.5459E-07
     18.0375  6.5658E-07
     18.1407  6.3370E-07
     18.2444  6.4282E-07
     18.3488  6.3585E-07
     18.4537  6.3078E-07
     18.5593  6.0701E-07
     18.6655  6.0634E-07
     18.7722  6.0474E-07
     18.8796  6.0325E-07
     18.9876  5.9241E-07
     19.0962  5.9727E-07
     19.2054  5.7317E-07
     19.3153  5.7456E-07
     19.4258  5.7103E-07
     19.5369  5.7015E-07
     19.6486  5.5233E-07
     19.7610  5.5398E-07
     19.8741  5.4360E-07
     19.9878  5.4519E-07
     20.1021  5.3323E-07
     20.2171  5.5025E-07
     20.3327  5.1206E-07
     20.4490  4.9694E-07
     20.5660  4.9806E-07
     20.6836  5.2375E-07
     20.8019  4.8202E-07
     20.9209  4.8454E-07
     21.0406  4.7002E-07
     21.1610  4.7788E-07
     21.2820  4.9759E-07
     21.4037  4.8092E-07
     21.5262  4.5679E-07
     21.6493  4.6997E-07
     21.7731  4.5287E-07
     21.8977  4.5811E-07
     22.0229  4.4720E-07
     22.1489  4.3932E-07
     22.2756  4.3904E-07
     22.4030  4.3324E-07
     22.5312  4.4963E-07
     22.6600  4.0758E-07
     22.7897  4.4733E-07
     22.9200  4.1959E-07
     23.0511  4.0913E-07
     23.1830  4.1304E-07
     23.3156  3.9730E-07
     23.4489  4.0396E-07
     23.5831  3.9287E-07
     23.7180  4.0752E-07
     23.8536  3.9569E-07
     23.9901  3.8681E-07
     24.1273  3.7978E-07
     24.2653  3.8514E-07
     24.4041  3.6444E-07
     24.5437  3.5214E-07
     24.6841  3.6993E-07
     24.8253  3.7112E-07
     24.9673  3.4710E-07
     25.1101  3.5503E-07
     25.2538  3.5314E-07
     25.3982  3.3836E-07
     25.5435  3.2987E-07
     25.6896  3.3065E-07
     25.8365  3.3591E-07
     25.9843  3.2027E-07
     26.1330  3.2886E-07
     26.2824  3.1916E-07
     26.4328  3.2831E-07
     26.5840  3.0193E-07
     26.7360  3.0864E-07
     26.8890  3.1641E-07
     27.0428  3.0813E-07
     27.1975  2.9849E-07
     27.3530  3.0021E-07
     27.5095  3.0578E-07
     27.6669  2.8312E-07
     27.8251  2.8599E-07
     27.9843  2.8861E-07
     28.1444  2.9400E-07
     28.3053  2.7656E-07
     28.4672  2.7956E-07
     28.6301  2.7595E-07
     28.7939  2.7857E-07
     28.9586  2.7030E-07
     29.1242  2.6559E-07
     29.2908  2.6108E-07
     29.4583  2.6004E-07
     29.6268  2.6046E-07
     29.7963  2.5854E-07
     29.9667  2.4883E-07
     30.1382  2.4511E-07
     30.3106  2.4827E-07
     30.4839  2.4483E-07
     30.6583  2.3798E-07
     30.8337  2.3693E-07
     31.0100  2.4162E-07
     31.1874  2.2888E-07
     31.3658  2.3699E-07
     31.5452  2.3144E-07
     31.7257  2.2425E-07
     31.9071  2.2593E-07
     32.0897  2.2384E-07
     32.2732  2.1344E-07
     32.4578  2.1952E-07
     32.6435  2.1410E-07
     32.8302  2.0820E-07
     33.0180  2.0673E-07
     33.2069  2.0710E-07
     33.3968  2.0585E-07
     33.5878  1.9227E-07
     33.7800  1.9839E-07
     33.9732  1.9688E-07
     34.1675  1.9446E-07
     34.3630  1.9402E-07
     34.5595  1.8921E-07
     34.7572  1.9424E-07
     34.9560  1.8926E-07
     35.1560  1.7966E-07
     35.3571  1.8126E-07
     35.5593  1.7708E-07
     35.7627  1.7720E-07
     35.9673  1.7724E-07
     36.1730  1.7216E-07
     36.3799  1.7185E-07
     36.5880  1.6719E-07
     36.7973  1.7217E-07
     37.0078  1.6588E-07
     37.2195  1.6615E-07
     37.4324  1.6162E-07
     37.6465  1.5919E-07
     37.8618  1.5993E-07
     38.0784  1.5638E-07
     38.2962  1.5693E-07
     38.5153  1.5261E-07
     38.7356  1.5380E-07
     38.9571  1.5092E-07
     39.1800  1.5212E-07
     39.4041  1.4771E-07
     39.6295  1.4642E-07
     39.8562  1.4550E-07
     40.0842  1.4129E-07
     40.3134  1.4237E-07
     40.5440  1.3786E-07
     40.7760  1.3495E-07
     41.0092  1.3686E-07
     41.2438  1.3381E-07
     41.4797  1.3233E-07
     41.7170  1.3085E-07
     41.9556  1.3141E-07
     42.1956  1.2849E-07
     42.4369  1.3010E-07
     42.6797  1.2867E-07
     42.9238  1.2732E-07
     43.1693  1.1981E-07
     43.4163  1.2221E-07
     43.6646  1.1920E-07
     43.9144  1.2021E-07
     44.1656  1.1935E-07
     44.4182  1.1759E-07
     44.6723  1.1496E-07
     44.9278  1.1593E-07
     45.1848  1.1416E-07
     45.4433  1.1132E-07
     45.7032  1.1149E-07
     45.9646  1.1123E-07
     46.2275  1.0894E-07
     46.4920  1.0758E-07
     46.7579  1.0801E-07
     47.0254  1.0577E-07
     47.2944  1.0359E-07
     47.5649  1.0159E-07
     47.8370  1.0405E-07
     48.1106  1.0206E-07
     48.3858  9.9891E-08
     48.6626  9.8457E-08
     48.9409  9.6704E-08
     49.2209  9.6703E-08
     49.5024  9.5225E-08
     49.7856  9.3258E-08
     50.0703  8.8944E-08
     50.3567  9.2474E-08
     50.6448  9.2077E-08
     50.9345  8.5196E-08
     51.2258  9.0973E-08
     51.5188  9.0338E-08
     51.8135  8.7669E-08
     52.1099  8.7856E-08
     52.4080  7.9886E-08
     52.7078  8.2978E-08
     53.0093  8.0340E-08
     53.3125  8.1443E-08
     53.6174  7.7457E-08
     53.9241  8.1648E-08
     54.2326  7.9734E-08
     54.5428  7.5967E-08
     54.8548  7.9002E-08
     55.1686  7.8850E-08
     55.4841  7.3512E-08
     55.8015  7.3929E-08
     56.1207  7.3962E-08
     56.4417  7.4098E-08
     56.7645  6.7230E-08
     57.0893  7.2623E-08
     57.4158  6.9858E-08
     57.7442  7.1758E-08
     58.0745  7.0955E-08
     58.4067  6.9296E-08
     58.7408  6.5220E-08
     59.0768  6.8079E-08
     59.4147  6.6039E-08
     59.7546  6.6862E-08
     60.0964  6.2496E-08
     60.4402  6.4313E-08
     60.7859  6.3258E-08
     61.1336  6.3461E-08
     61.4833  6.2950E-08
     61.8349  5.9474E-08
     62.1887  6.1926E-08
     62.5444  5.9096E-08
     62.9021  5.9975E-08
     63.2619  5.9429E-08
     63.6238  5.8981E-08
     63.9877  5.8389E-08
     64.3537  5.5762E-08
     64.7219  5.6771E-08
     65.0921  5.5441E-08
     65.4644  5.5224E-08
     65.8389  5.5071E-08
     66.2155  5.2678E-08
     66.5942  5.3703E-08
     66.9751  5.1209E-08
     67.3583  5.1730E-08
     67.7436  5.1934E-08
     68.1310  5.1335E-08
     68.5208  5.0666E-08
     68.9127  5.0176E-08
     69.3069  4.8257E-08
     69.7033  4.8967E-08
     70.1020  4.8538E-08
     70.5030  4.7754E-08
     70.9063  4.6420E-08
     71.3119  4.6196E-08
     71.7198  4.5612E-08
     72.1301  4.4858E-08
     72.5427  4.5125E-08
     72.9576  4.4394E-08
     73.3749  4.3586E-08
     73.7946  4.3697E-08
     74.2167  4.3189E-08
     74.6413  4.2738E-08
     75.0682  4.0011E-08
     75.4976  4.1477E-08
     75.9295  3.9635E-08
     76.3638  4.0833E-08
     76.8006  4.0301E-08
     77.2399  3.9186E-08
     77.6817  3.9114E-08
     78.1261  3.7433E-08
     78.5730  3.5955E-08
     79.0224  3.7983E-08
     79.4744  3.7592E-08
     79.9290  3.6120E-08
     80.3862  3.6583E-08
     80.8460  3.6080E-08
     81.3085  3.5582E-08
     81.7736  3.3791E-08
     82.2413  3.4961E-08
     82.7118  3.4587E-08
     83.1849  3.4248E-08
     83.6607  3.2592E-08
     84.1392  3.3012E-08
     84.6205  3.2992E-08
     85.1046  3.2582E-08
     85.5914  3.2167E-08
     86.0810  3.1919E-08
     86.5733  3.1597E-08
     87.0686  3.1175E-08
     87.5666  3.0777E-08
     88.0675  3.0488E-08
     88.5712  3.0136E-08
     89.0779  2.9675E-08
     89.5874  2.9445E-08
     90.0999  2.8939E-08
     90.6152  2.8661E-08
     91.1336  2.8442E-08
     91.6548  2.8039E-08
     92.1791  2.7747E-08
     92.7064  2.7102E-08
     93.2367  2.7136E-08
     93.7700  2.6648E-08
     94.3064  2.6373E-08
     94.8458  2.5908E-08
     95.3883  2.5929E-08
     95.9340  2.5361E-08
     96.4827  2.5138E-08
     97.0346  2.5018E-08
     97.5896  2.4485E-08
     98.1479  2.4345E-08
     98.7093  2.4123E-08
     99.2739  2.3847E-08
     99.8417  2.3332E-08
    100.4129  2.3229E-08
    100.9872  2.2968E-08
    101.5648  2.2710E-08
    102.1458  2.2456E-08
    102.7301  2.2204E-08
    103.3177  2.1954E-08
    103.9087  2.1708E-08
    104.5031  2.1465E-08
    105.1008  2.1224E-08
    105.7020  2.0986E-08
    106.3067  2.0750E-08
    106.9148  2.0517E-08
    107.5263  2.0287E-08
    108.1414  2.0059E-08
    108.7599  1.9834E-08
    109.3821  1.9611E-08
    110.0078  1.9391E-08
    110.6370  1.9173E-08
    111.2698  1.8957E-08
    111.9063  1.8745E-08
    112.5464  1.8534E-08
    113.1902  1.8326E-08
    113.8376  1.8120E-08
    114.4888  1.7916E-08
    115.1437  1.7715E-08
    115.8023  1.7516E-08
    116.4648  1.7319E-08
    117.1310  1.7125E-08
    117.8009  1.6932E-08
    118.4748  1.6742E-08
    119.1525  1.6554E-08
    119.8340  1.6368E-08
    120.5194  1.6184E-08
    121.2088  1.6002E-08
    121.9022  1.5822E-08
    122.5995  1.5644E-08
    123.3008  1.5468E-08
    124.0061  1.5294E-08
    124.7153  1.5122E-08
    125.4287  1.4952E-08
    126.1462  1.4784E-08
    126.8678  1.4618E-08
    127.5934  1.4454E-08
    128.3233  1.4291E-08
    129.0573  1.4130E-08
    129.7955  1.3971E-08
    130.5380  1.3814E-08
    131.2847  1.3659E-08
    132.0356  1.3505E-08
    132.7909  1.3353E-08
    133.5505  1.3203E-08
    134.3144  1.3055E-08
    135.0826  1.2908E-08
    135.8553  1.2762E-08
    136.6324  1.2619E-08
    137.4140  1.2477E-08
    138.2000  1.2336E-08
    138.9906  1.2198E-08
    139.7856  1.2060E-08
    140.5851  1.1924E-08
    141.3893  1.1790E-08
    142.1981  1.1658E-08
    143.0114  1.1526E-08
    143.8295  1.1397E-08
    144.6522  1.1268E-08
    145.4796  1.1142E-08
    146.3118  1.1016E-08
    147.1487  1.0892E-08
    147.9904  1.0769E-08
    148.8369  1.0648E-08
    149.6883  1.0528E-08
    150.5445  1.0410E-08
    151.4056  1.0292E-08
    152.2717  1.0177E-08
    153.1427  1.0062E-08
    154.0187  9.9486E-09
    154.8997  9.8367E-09
    155.7858  9.7259E-09
    156.6768  9.6163E-09
    157.5730  9.5080E-09
    158.4744  9.4008E-09
    159.3809  9.2950E-09
    160.2925  9.1903E-09
    161.2094  9.0867E-09
    162.1315  8.9844E-09
    163.0589  8.8830E-09
    163.9917  8.7830E-09
    164.9297  8.6841E-09
    165.8731  8.5862E-09
    166.8219  8.4895E-09
    167.7762  8.3939E-09
    168.7359  8.2992E-09
    169.7010  8.2057E-09
    170.6717  8.1131E-09
    171.6480  8.0218E-09
    172.6298  7.9314E-09
    173.6173  7.8419E-09
    174.6104  7.7536E-09
    175.6091  7.6661E-09
    176.6137  7.5797E-09
    177.6239  7.4943E-09
    178.6400  7.4098E-09
    179.6617  7.3263E-09
    180.6894  7.2437E-09
    181.7230  7.1620E-09
    182.7625  7.0813E-09
    183.8079  7.0014E-09
    184.8593  6.9225E-09
    185.9167  6.8444E-09
    186.9801  6.7672E-09
    188.0497  6.6909E-09
    189.1254  6.6154E-09
    190.2071  6.5408E-09
    191.2952  6.4671E-09
    192.3894  6.3941E-09
    193.4899  6.3220E-09
    194.5967  6.2508E-09
    195.7098  6.1802E-09
    196.8292  6.1105E-09
    197.9551  6.0415E-09
    199.0874  5.9734E-09
    200.2263  5.9061E-09
    201.3715  5.8394E-09
    202.5234  5.7736E-09
    203.6819  5.7083E-09
    204.8470  5.6440E-09
    206.0187  5.5803E-09
    207.1972  5.5173E-09
    208.3823  5.4551E-09
    209.5743  5.3936E-09
    210.7731  5.3327E-09
    211.9787  5.2725E-09
    213.1912  5.2130E-09
    214.4107  5.1542E-09
    215.6371  5.0960E-09
    216.8706  5.0385E-09
    218.1112  4.9817E-09
    219.3588  4.9254E-09
    220.6134  4.8698E-09
    221.8754  4.8149E-09
    223.1446  4.7605E-09
    224.4210  4.7068E-09
    225.7046  4.6536E-09
    226.9957  4.6011E-09
    228.2941  4.5492E-09
    229.6000  4.4978E-09
    230.9134  4.4470E-09
    232.2343  4.3969E-09
    233.5625  4.3472E-09
    234.8986  4.2981E-09
    236.2422  4.2495E-09
    237.5936  4.2016E-09
    238.9525  4.1542E-09
    240.3194  4.1072E-09
    241.6941  4.0609E-09
    243.0766  4.0150E-09
    244.4670  3.9697E-09
    245.8654  3.9249E-09
    247.2717  3.8805E-09
    248.6861  3.8367E-09
    250.1087  3.7934E-09
    251.5393  3.7505E-09
    252.9781  3.7082E-09
    254.4251  3.6663E-09
    255.8805  3.6249E-09
    257.3442  3.5840E-09
    258.8163  3.5435E-09
    260.2967  3.5035E-09
    261.7855  3.4638E-09
    263.2830  3.4248E-09
    264.7890  3.3861E-09
    266.3036  3.3478E-09
    267.8268  3.3100E-09
    269.3588  3.2726E-09
    270.8996  3.2356E-09
    272.4492  3.1991E-09
    274.0077  3.1629E-09
    275.5750  3.1272E-09
    277.1512  3.0919E-09
    278.7366  3.0569E-09
    280.3310  3.0224E-09
    281.9346  2.9882E-09
    283.5471  2.9545E-09
    285.1691  2.9211E-09
    286.8003  2.8881E-09
    288.4409  2.8555E-09
    290.0908  2.8232E-09
    291.7502  2.7913E-09
    293.4189  2.7598E-09
    295.0973  2.7285E-09
    296.7853  2.6977E-09
    298.4830  2.6673E-09
    300.1902  2.6371E-09
    301.9073  2.6073E-09
    303.6343  2.5778E-09
    305.3712  2.5487E-09
    307.1179  2.5199E-09
    308.8747  2.4914E-09
    310.6414  2.4632E-09
    312.4183  2.4354E-09
    314.2054  2.4079E-09
    316.0027  2.3807E-09
    317.8101  2.3537E-09
    319.6281  2.3271E-09
    321.4564  2.3008E-09
    323.2952  2.2748E-09
    325.1445  2.2491E-09
    327.0044  2.2237E-09
    328.8747  2.1985E-09
    330.7559  2.1737E-09
    332.6479  2.1491E-09
    334.5507  2.1248E-09
    336.4642  2.1008E-09
    338.3889  2.0770E-09
    340.3245  2.0536E-09
    342.2712  2.0303E-09
    344.2291  2.0074E-09
    346.1982  1.9847E-09
    348.1783  1.9622E-09
    350.1700  1.9401E-09
    352.1730  1.9181E-09
    354.1875  1.8964E-09
    356.2133  1.8750E-09
    358.2509  1.8538E-09
    360.3002  1.8328E-09
    362.3611  1.8121E-09
    364.4339  1.7916E-09
    366.5186  1.7713E-09
    368.6149  1.7513E-09
    370.7234  1.7315E-09
    372.8441  1.7119E-09
    374.9768  1.6925E-09
    377.1216  1.6734E-09
    379.2787  1.6545E-09
    381.4483  1.6358E-09
    383.6302  1.6173E-09
    385.8247  1.5990E-09
    388.0317  1.5809E-09
    390.2511  1.5630E-09
    392.4834  1.5453E-09
    394.7285  1.5279E-09
    396.9864  1.5106E-09
    399.2570  1.4935E-09
    401.5408  1.4766E-09
    403.8377  1.4599E-09
    406.1478  1.4434E-09
    408.4710  1.4270E-09
    410.8075  1.4109E-09
    413.1572  1.3949E-09
    415.5205  1.3791E-09
    417.8974  1.3636E-09
    420.2878  1.3481E-09
    422.6917  1.3329E-09
    425.1096  1.3178E-09
    427.5413  1.3029E-09
    429.9869  1.2881E-09
    432.4466  1.2736E-09
    434.9202  1.2592E-09
    437.4078  1.2449E-09
    439.9099  1.2308E-09
    442.4262  1.2169E-09
    444.9570  1.2031E-09
    447.5020  1.1895E-09
    450.0618  1.1761E-09
    452.6362  1.1627E-09
    455.2254  1.1496E-09
    457.8294  1.1366E-09
    460.4482  1.1237E-09
    463.0818  1.1110E-09
    465.7308  1.0984E-09
    468.3948  1.0860E-09
    471.0741  1.0737E-09
    473.7685  1.0616E-09
    476.4786  1.0495E-09
    479.2041  1.0377E-09
    481.9453  1.0259E-09
    484.7021  1.0143E-09
    487.4747  1.0028E-09
    490.2628  9.9149E-10
    493.0672  9.8027E-10
    495.8877  9.6916E-10
    498.7242  9.5820E-10
    501.5768  9.4736E-10
    504.4459  9.3663E-10
    507.3314  9.2604E-10
    510.2334  9.1554E-10
    513.1521  9.0519E-10
    516.0874  8.9495E-10
    519.0392  8.8481E-10
    522.0082  8.7480E-10
    524.9942  8.6489E-10
    527.9973  8.5511E-10
    531.0173  8.4543E-10
    534.0547  8.3585E-10
    537.1097  8.2640E-10
    540.1820  8.1703E-10
    543.2720  8.0779E-10
    546.3796  7.9865E-10
    549.5047  7.8960E-10
    552.6479  7.8067E-10
    555.8092  7.7183E-10
    558.9885  7.6309E-10
    562.1857  7.5446E-10
    565.4016  7.4590E-10
    568.6357  7.3747E-10
    571.8885  7.2912E-10
    575.1598  7.2086E-10
    578.4498  7.1271E-10
    581.7584  7.0463E-10
    585.0861  6.9666E-10
    588.4329  6.8877E-10
    591.7988  6.8097E-10
    595.1837  6.7326E-10
    598.5883  6.6564E-10
    602.0123  6.5810E-10
    605.4559  6.5065E-10
    608.9193  6.4328E-10
    612.4024  6.3600E-10
    615.9052  6.2880E-10
    619.4282  6.2168E-10
    622.9715  6.1464E-10
    626.5350  6.0767E-10
    630.1185  6.0080E-10
    633.7230  5.9400E-10
    637.3480  5.8727E-10
    640.9937  5.8062E-10
    644.6603  5.7405E-10
    648.3479  5.6754E-10
    652.0562  5.6112E-10
    655.7861  5.5476E-10
    659.5374  5.4848E-10
    663.3100  5.4227E-10
    667.1039  5.3613E-10
    670.9199  5.3006E-10
    674.7576  5.2405E-10
    678.6174  5.1812E-10
    682.4992  5.1226E-10
    686.4033  5.0645E-10
    690.3292  5.0072E-10
    694.2780  4.9505E-10
    698.2495  4.8944E-10
    702.2435  4.8390E-10
    706.2601  4.7841E-10
    710.3000  4.7300E-10
    714.3631  4.6764E-10
    718.4494  4.6234E-10
    722.5591  4.5711E-10
    726.6923  4.5193E-10
    730.8487  4.4681E-10
    735.0293  4.4176E-10
    739.2338  4.3675E-10
    743.4623  4.3180E-10
    747.7147  4.2691E-10
    751.9918  4.2208E-10
    756.2933  4.1730E-10
    760.6194  4.1257E-10
    764.9703  4.0790E-10
    769.3461  4.0328E-10
    773.7465  3.9871E-10
    778.1724  3.9419E-10
    782.6237  3.8972E-10
    787.1005  3.8531E-10
    791.6024  3.8095E-10
    796.1306  3.7663E-10
    800.6846  3.7237E-10
    805.2646  3.6815E-10
    809.8709  3.6398E-10
    814.5035  3.5986E-10
    819.1622  3.5578E-10
    823.8480  3.5175E-10
    828.5605  3.4777E-10
    833.3000  3.4382E-10
    838.0662  3.3993E-10
    842.8601  3.3608E-10
    847.6815  3.3227E-10
    852.5303  3.2851E-10
    857.4070  3.2479E-10
    862.3115  3.2111E-10
    867.2436  3.1747E-10
    872.2044  3.1387E-10
    877.1936  3.1032E-10
    882.2113  3.0680E-10
    887.2572  3.0333E-10
    892.3325  2.9989E-10
    897.4368  2.9649E-10
