 1.0000e-02  3.4488e-14  2.7535e-14  1.4456e+02  9.9077e-01  9.1354e-01  9.4000e+01
 2.0000e-02  1.9465e-14  7.8145e-15  8.1590e+01  9.8400e-01  9.8635e-01  9.1000e+01
 3.0000e-02  2.7170e-14  9.5005e-15  1.1389e+02  9.6335e-01  9.8118e-01  9.3000e+01
 4.0000e-02  3.7255e-14  1.2796e-14  1.5616e+02  9.3780e-01  9.3750e-01  8.8000e+01
 5.0000e-02  3.6478e-14  1.2420e-14  1.5290e+02  9.1532e-01  9.3147e-01  8.4000e+01
 6.0000e-02  4.8376e-14  1.6552e-14  2.0277e+02  8.3845e-01  8.5768e-01  8.5000e+01
 8.0000e-02  5.6757e-14  1.7258e-14  2.3790e+02  7.8573e-01  8.5444e-01  8.7000e+01
 1.0000e-01  5.8955e-14  1.7356e-14  2.4712e+02  7.5157e-01  7.6954e-01  7.5000e+01
 1.2000e-01  5.8055e-14  1.6695e-14  2.4335e+02  7.4677e-01  7.5457e-01  8.0000e+01
 1.5000e-01  5.3464e-14  1.5871e-14  2.2410e+02  7.2725e-01  5.8027e-01  8.9000e+01
 2.0000e-01  4.9760e-14  1.6807e-14  2.0857e+02  6.6318e-01  3.8192e-01  7.3000e+01
 2.5000e-01  5.4459e-14  1.7681e-14  2.2827e+02  6.1708e-01  4.3195e-01  1.0700e+02
 3.0000e-01  5.4654e-14  1.7479e-14  2.2909e+02  6.0435e-01  5.3122e-01  8.9000e+01
 3.6000e-01  5.0188e-14  1.6512e-14  2.1037e+02  5.6645e-01  5.0021e-01  9.1000e+01
 4.4000e-01  4.4319e-14  1.5424e-14  1.8577e+02  5.5369e-01  4.9105e-01  9.2000e+01
 5.5000e-01  3.7106e-14  1.3965e-14  1.5553e+02  5.3103e-01  4.6663e-01  8.9000e+01
 7.0000e-01  2.9754e-14  1.1924e-14  1.2472e+02  5.0819e-01  4.4940e-01  9.2000e+01
 8.5000e-01  2.4617e-14  1.0281e-14  1.0318e+02  4.9228e-01  4.3503e-01  9.2000e+01
 1.0000e+00  2.1009e-14  8.9520e-15  8.8062e+01  4.7903e-01  4.3096e-01  9.4000e+01
 1.1500e+00  1.8292e-14  7.8939e-15  7.6675e+01  4.6815e-01  4.3720e-01  9.5000e+01
 1.3000e+00  1.6137e-14  7.0257e-15  6.7642e+01  4.5710e-01  4.3703e-01  9.5000e+01
 1.7000e+00  1.2091e-14  5.2599e-15  5.0681e+01  4.3374e-01  4.5546e-01  9.6000e+01
 2.0000e+00  1.0037e-14  4.3192e-15  4.2073e+01  4.1687e-01  4.7156e-01  9.6000e+01
 2.2000e+00  8.9472e-15  3.8127e-15  3.7503e+01  4.0592e-01  4.8260e-01  9.6000e+01
 2.7000e+00  6.9182e-15  2.8415e-15  2.8999e+01  3.8114e-01  5.1292e-01  9.6000e+01
 3.0000e+00  6.0233e-15  2.4091e-15  2.5248e+01  3.6598e-01  5.3160e-01  9.6000e+01
 3.5000e+00  4.8754e-15  1.8563e-15  2.0436e+01  3.4125e-01  5.6145e-01  9.5000e+01
 4.0000e+00  4.0132e-15  1.4531e-15  1.6822e+01  3.1735e-01  5.8874e-01  9.5000e+01
 4.5000e+00  3.3566e-15  1.1489e-15  1.4070e+01  2.9456e-01  6.1479e-01  9.5000e+01
 5.0000e+00  2.8369e-15  9.1603e-16  1.1891e+01  2.7216e-01  6.3800e-01  9.4000e+01
 5.5000e+00  2.4323e-15  7.3197e-16  1.0195e+01  2.5262e-01  6.6072e-01  9.4000e+01
 6.0000e+00  2.1422e-15  5.8495e-16  8.9793e+00  2.3349e-01  6.8640e-01  9.4000e+01
 6.5000e+00  1.9230e-15  4.7424e-16  8.0605e+00  2.0601e-01  7.0863e-01  9.3000e+01
 7.0000e+00  1.7155e-15  3.8332e-16  7.1908e+00  1.8144e-01  7.2305e-01  9.2000e+01
 7.5000e+00  1.5775e-15  3.0868e-16  6.6121e+00  1.5044e-01  7.3167e-01  9.1000e+01
 8.0000e+00  1.6460e-15  2.5765e-16  6.8994e+00  1.2816e-01  7.3726e-01  9.1000e+01
 8.5000e+00  1.9023e-15  2.3578e-16  7.9739e+00  1.2233e-01  7.5591e-01  9.0000e+01
 9.0000e+00  2.1928e-15  2.2576e-16  9.1915e+00  1.1850e-01  7.7977e-01  9.0000e+01
 9.4000e+00  2.4086e-15  2.2838e-16  1.0096e+01  1.1740e-01  8.0037e-01  9.0000e+01
 9.5500e+00  2.4016e-15  2.2708e-16  1.0066e+01  1.1710e-01  8.0637e-01  9.0000e+01
 9.7000e+00  2.3486e-15  2.2375e-16  9.8442e+00  1.1675e-01  8.0942e-01  9.0000e+01
 9.8500e+00  2.2869e-15  2.1910e-16  9.5859e+00  1.1598e-01  8.1281e-01  9.0000e+01
 1.0000e+01  2.2243e-15  2.1416e-16  9.3235e+00  1.1567e-01  8.1524e-01  9.0000e+01
 1.0500e+01  2.0098e-15  2.0045e-16  8.4242e+00  1.1474e-01  8.2374e-01  9.0000e+01
 1.1000e+01  1.7360e-15  1.7949e-16  7.2765e+00  1.1490e-01  8.2907e-01  9.1000e+01
 1.1300e+01  1.6046e-15  1.6759e-16  6.7259e+00  1.1365e-01  8.3239e-01  9.1000e+01
 1.1600e+01  1.4820e-15  1.5631e-16  6.2119e+00  1.1255e-01  8.3389e-01  9.1000e+01
 1.2000e+01  1.3328e-15  1.4236e-16  5.5868e+00  1.1270e-01  8.3604e-01  9.1000e+01
 1.2500e+01  1.1630e-15  1.2530e-16  4.8750e+00  1.1372e-01  8.3657e-01  9.1000e+01
 1.3000e+01  1.0318e-15  1.0945e-16  4.3247e+00  1.1265e-01  8.4253e-01  9.2000e+01
 1.3500e+01  9.0939e-16  9.5200e-17  3.8118e+00  1.0726e-01  8.4327e-01  9.1000e+01
 1.4000e+01  8.2257e-16  8.1088e-17  3.4479e+00  1.0172e-01  8.4725e-01  9.1000e+01
 1.4500e+01  7.8682e-16  6.9344e-17  3.2980e+00  9.1482e-02  8.5162e-01  9.1000e+01
 1.5000e+01  7.8401e-16  6.0592e-17  3.2863e+00  8.4026e-02  8.5695e-01  9.1000e+01
 1.6000e+01  8.0419e-16  4.8649e-17  3.3709e+00  7.3460e-02  8.6731e-01  9.0000e+01
 1.7000e+01  8.3529e-16  4.1343e-17  3.5012e+00  6.6255e-02  8.7930e-01  9.0000e+01
 1.8000e+01  8.4282e-16  3.6495e-17  3.5328e+00  6.1116e-02  8.9176e-01  9.0000e+01
 1.9000e+01  8.0308e-16  3.2569e-17  3.3662e+00  5.8622e-02  9.0058e-01  9.0000e+01
 2.0000e+01  7.3179e-16  2.8552e-17  3.0674e+00  5.7749e-02  9.0857e-01  9.0000e+01
 2.2000e+01  6.0231e-16  2.1137e-17  2.5246e+00  5.3659e-02  9.1893e-01  9.1000e+01
 2.3000e+01  5.4843e-16  1.8164e-17  2.2988e+00  5.2127e-02  9.2346e-01  9.1000e+01
 2.4000e+01  5.0343e-16  1.5669e-17  2.1102e+00  5.0471e-02  9.2687e-01  9.1000e+01
 2.5000e+01  4.6316e-16  1.3564e-17  1.9414e+00  4.9336e-02  9.3012e-01  9.1000e+01
 2.6000e+01  4.2752e-16  1.1741e-17  1.7920e+00  4.8316e-02  9.3324e-01  9.1000e+01
 2.7000e+01  3.9585e-16  1.0204e-17  1.6593e+00  4.7224e-02  9.3604e-01  9.1000e+01
 2.8000e+01  3.6739e-16  8.9007e-18  1.5400e+00  4.6551e-02  9.3854e-01  9.1000e+01
 3.0000e+01  3.2016e-16  6.8458e-18  1.3420e+00  4.4858e-02  9.4354e-01  9.1000e+01
 3.5000e+01  2.3613e-16  3.7237e-18  9.8975e-01  4.3045e-02  9.5380e-01  9.1000e+01
 4.0000e+01  1.8353e-16  2.1765e-18  7.6929e-01  4.0806e-02  9.6269e-01  9.1000e+01
 4.5000e+01  1.4697e-16  1.3487e-18  6.1603e-01  3.8760e-02  9.7034e-01  9.1000e+01
 5.0000e+01  1.2022e-16  8.7694e-19  5.0394e-01  3.6452e-02  9.7619e-01  9.1000e+01
 5.5000e+01  1.0076e-16  5.9370e-19  4.2233e-01  3.3863e-02  9.8112e-01  9.1000e+01
 6.0000e+01  8.5784e-17  4.1597e-19  3.5957e-01  3.1263e-02  9.8492e-01  9.1000e+01
 6.5000e+01  7.4034e-17  3.0005e-19  3.1032e-01  2.8758e-02  9.8785e-01  9.1000e+01
 7.0000e+01  6.4763e-17  2.2189e-19  2.7146e-01  2.6355e-02  9.9018e-01  9.1000e+01
 7.5000e+01  5.7064e-17  1.6767e-19  2.3919e-01  2.4217e-02  9.9188e-01  9.1000e+01
 8.0000e+01  5.0497e-17  1.2909e-19  2.1167e-01  2.2455e-02  9.9315e-01  9.1000e+01
 8.5000e+01  4.5099e-17  1.0100e-19  1.8904e-01  2.0831e-02  9.9419e-01  9.1000e+01
 9.0000e+01  4.0797e-17  8.0135e-20  1.7101e-01  1.9269e-02  9.9514e-01  9.1000e+01
 9.5000e+01  3.6970e-17  6.4385e-20  1.5496e-01  1.8024e-02  9.9588e-01  9.1000e+01
 1.0000e+02  3.3795e-17  5.2358e-20  1.4166e-01  1.6719e-02  9.9648e-01  9.1000e+01
 1.0500e+02  3.0913e-17  4.3022e-20  1.2958e-01  1.5640e-02  9.9693e-01  9.1000e+01
 1.1000e+02  2.8449e-17  3.5667e-20  1.1925e-01  1.4673e-02  9.9734e-01  9.1000e+01
 1.2000e+02  2.4362e-17  2.5137e-20  1.0211e-01  1.2950e-02  9.9792e-01  9.1000e+01
 1.3000e+02  2.1185e-17  1.8230e-20  8.8800e-02  1.1477e-02  9.9834e-01  9.1000e+01
 1.4000e+02  1.8532e-17  1.3539e-20  7.7678e-02  1.0333e-02  9.9862e-01  9.1000e+01
 1.5000e+02  1.6436e-17  1.0268e-20  6.8892e-02  9.2968e-03  9.9889e-01  9.0000e+01
 2.0000e+02  9.8238e-18  3.2456e-21  4.1177e-02  6.0963e-03  9.9954e-01  9.0000e+01
 2.5000e+02  6.6515e-18  1.3294e-21  2.7880e-02  4.3467e-03  9.9977e-01  9.0000e+01
 3.0000e+02  4.8583e-18  6.4132e-22  2.0364e-02  3.2805e-03  9.9987e-01  9.0000e+01
 4.0000e+02  2.9718e-18  2.0310e-22  1.2456e-02  2.1006e-03  9.9995e-01  9.0000e+01
 5.0000e+02  2.0445e-18  8.3314e-23  8.5699e-03  1.4837e-03  9.9997e-01  9.0000e+01
 7.0000e+02  1.1759e-18  2.1719e-23  4.9288e-03  8.7158e-04  9.9999e-01  9.0000e+01
 1.0000e+03  6.4279e-19  5.2243e-24  2.6943e-03  5.0899e-04  1.0000e+00  9.0000e+01
 4.0000e+03  6.1707e-20  2.0631e-26  2.5865e-04  6.5136e-05  1.0000e+00  9.0000e+01
 1.3000e+04  1.0887e-20  1.8540e-28  4.5634e-05  9.6155e-06  1.0000e+00  9.0000e+01
 2.0000e+04  5.8287e-21  3.3117e-29  2.4432e-05  4.7902e-06  1.0000e+00  9.0000e+01
 2.0241e+04  5.7231e-21  3.1566e-29  2.3989e-05  4.7318e-06  1.0000e+00  9.0000e+01
 2.0486e+04  5.6195e-21  3.0088e-29  2.3555e-05  4.6734e-06  1.0000e+00  9.0000e+01
 2.0733e+04  5.5177e-21  2.8679e-29  2.3128e-05  4.6151e-06  1.0000e+00  9.0000e+01
 2.0983e+04  5.4178e-21  2.7335e-29  2.2709e-05  4.5567e-06  1.0000e+00  9.0000e+01
 2.1236e+04  5.3196e-21  2.6055e-29  2.2298e-05  4.4983e-06  1.0000e+00  9.0000e+01
 2.1493e+04  5.2233e-21  2.4835e-29  2.1894e-05  4.4399e-06  1.0000e+00  9.0000e+01
 2.1752e+04  5.1287e-21  2.3672e-29  2.1498e-05  4.3815e-06  1.0000e+00  9.0000e+01
 2.2014e+04  5.0358e-21  2.2563e-29  2.1108e-05  4.3232e-06  1.0000e+00  9.0000e+01
 2.2280e+04  4.9446e-21  2.1506e-29  2.0726e-05  4.2648e-06  1.0000e+00  9.0000e+01
 2.2549e+04  4.8550e-21  2.0499e-29  2.0351e-05  4.2064e-06  1.0000e+00  9.0000e+01
 2.2821e+04  4.7671e-21  1.9539e-29  1.9982e-05  4.1480e-06  1.0000e+00  9.0000e+01
 2.3096e+04  4.6808e-21  1.8624e-29  1.9620e-05  4.0896e-06  1.0000e+00  9.0000e+01
 2.3375e+04  4.5960e-21  1.7752e-29  1.9265e-05  4.0313e-06  1.0000e+00  9.0000e+01
 2.3657e+04  4.5127e-21  1.6920e-29  1.8916e-05  3.9729e-06  1.0000e+00  9.0000e+01
 2.3943e+04  4.4310e-21  1.6128e-29  1.8573e-05  3.9145e-06  1.0000e+00  9.0000e+01
 2.4232e+04  4.3508e-21  1.5373e-29  1.8237e-05  3.8561e-06  1.0000e+00  9.0000e+01
 2.4524e+04  4.2720e-21  1.4653e-29  1.7907e-05  3.7977e-06  1.0000e+00  9.0000e+01
 2.4820e+04  4.1946e-21  1.3966e-29  1.7582e-05  3.7394e-06  1.0000e+00  9.0000e+01
 2.5120e+04  4.1186e-21  1.3312e-29  1.7264e-05  3.6810e-06  1.0000e+00  9.0000e+01
 2.5423e+04  4.0440e-21  1.2689e-29  1.6951e-05  3.6226e-06  1.0000e+00  9.0000e+01
 2.5730e+04  3.9708e-21  1.2095e-29  1.6644e-05  3.5642e-06  1.0000e+00  9.0000e+01
 2.6040e+04  3.8989e-21  1.1528e-29  1.6343e-05  3.5058e-06  1.0000e+00  9.0000e+01
 2.6354e+04  3.8282e-21  1.0988e-29  1.6047e-05  3.4475e-06  1.0000e+00  9.0000e+01
 2.6672e+04  3.7589e-21  1.0474e-29  1.5756e-05  3.3891e-06  1.0000e+00  9.0000e+01
 2.6994e+04  3.6908e-21  9.9832e-30  1.5471e-05  3.3307e-06  1.0000e+00  9.0000e+01
 2.7320e+04  3.6240e-21  9.5156e-30  1.5190e-05  3.2723e-06  1.0000e+00  9.0000e+01
 2.7650e+04  3.5583e-21  9.0700e-30  1.4915e-05  3.2140e-06  1.0000e+00  9.0000e+01
 2.7983e+04  3.4939e-21  8.6452e-30  1.4645e-05  3.1556e-06  1.0000e+00  9.0000e+01
 2.8321e+04  3.4306e-21  8.2403e-30  1.4380e-05  3.0972e-06  1.0000e+00  9.0000e+01
 2.8663e+04  3.3685e-21  7.8544e-30  1.4119e-05  3.0388e-06  1.0000e+00  9.0000e+01
 2.9009e+04  3.3075e-21  7.4865e-30  1.3864e-05  2.9804e-06  1.0000e+00  9.0000e+01
 2.9359e+04  3.2476e-21  7.1359e-30  1.3613e-05  2.9221e-06  1.0000e+00  9.0000e+01
 2.9713e+04  3.1887e-21  6.8017e-30  1.3366e-05  2.8637e-06  1.0000e+00  9.0000e+01
 3.0072e+04  3.1310e-21  6.4831e-30  1.3124e-05  2.8053e-06  1.0000e+00  9.0000e+01
 3.0435e+04  3.0743e-21  6.1795e-30  1.2886e-05  2.7469e-06  1.0000e+00  9.0000e+01
 3.0802e+04  3.0186e-21  5.8901e-30  1.2653e-05  2.6885e-06  1.0000e+00  9.0000e+01
 3.1174e+04  2.9639e-21  5.6143e-30  1.2424e-05  2.6302e-06  1.0000e+00  9.0000e+01
 3.1550e+04  2.9103e-21  5.3513e-30  1.2199e-05  2.5718e-06  1.0000e+00  9.0000e+01
 3.1931e+04  2.8575e-21  5.1007e-30  1.1978e-05  2.5134e-06  1.0000e+00  9.0000e+01
 3.2316e+04  2.8058e-21  4.8618e-30  1.1761e-05  2.4550e-06  1.0000e+00  9.0000e+01
 3.2706e+04  2.7550e-21  4.6341e-30  1.1548e-05  2.3966e-06  1.0000e+00  9.0000e+01
 3.3101e+04  2.7051e-21  4.4171e-30  1.1339e-05  2.3383e-06  1.0000e+00  9.0000e+01
 3.3500e+04  2.6561e-21  4.2102e-30  1.1133e-05  2.2799e-06  1.0000e+00  9.0000e+01
 3.3904e+04  2.6080e-21  4.0130e-30  1.0932e-05  2.2215e-06  1.0000e+00  9.0000e+01
 3.4313e+04  2.5607e-21  3.8251e-30  1.0734e-05  2.1631e-06  1.0000e+00  9.0000e+01
 3.4728e+04  2.5144e-21  3.6459e-30  1.0539e-05  2.1047e-06  1.0000e+00  9.0000e+01
 3.5147e+04  2.4688e-21  3.4752e-30  1.0348e-05  2.0464e-06  1.0000e+00  9.0000e+01
 3.5571e+04  2.4241e-21  3.3124e-30  1.0161e-05  1.9880e-06  1.0000e+00  9.0000e+01
 3.6000e+04  2.3802e-21  3.1573e-30  9.9769e-06  1.9296e-06  1.0000e+00  9.0000e+01
