 1.0000e-02  1.1227e-16  6.5547e-17  4.7061e-01  9.9712e-01  7.0676e-01  9.9000e+01
 2.0000e-02  1.0337e-16  5.2475e-17  4.3329e-01  9.9443e-01  9.8849e-01  9.2000e+01
 3.0000e-02  1.0719e-16  5.4613e-17  4.4928e-01  9.8416e-01  9.5666e-01  9.3000e+01
 4.0000e-02  1.1163e-16  5.8211e-17  4.6791e-01  9.6977e-01  9.1569e-01  9.3000e+01
 5.0000e-02  1.1181e-16  5.9294e-17  4.6866e-01  9.5408e-01  8.4819e-01  9.3000e+01
 6.0000e-02  1.1676e-16  6.6575e-17  4.8941e-01  8.9205e-01  6.3948e-01  9.1000e+01
 8.0000e-02  1.2243e-16  6.6246e-17  5.1319e-01  8.8081e-01  7.2964e-01  7.4000e+01
 1.0000e-01  1.2403e-16  6.6246e-17  5.1990e-01  8.7238e-01  7.2567e-01  7.2000e+01
 1.2000e-01  1.2403e-16  6.5354e-17  5.1987e-01  8.7500e-01  7.1473e-01  7.4000e+01
 1.5000e-01  1.2339e-16  6.5050e-17  5.1719e-01  8.6909e-01  6.3270e-01  7.4000e+01
 2.0000e-01  1.2047e-16  6.7719e-17  5.0495e-01  8.4595e-01  3.9262e-01  7.1000e+01
 2.5000e-01  1.2165e-16  6.9751e-17  5.0991e-01  8.2520e-01  4.2943e-01  7.7000e+01
 3.0000e-01  1.2235e-16  7.0196e-17  5.1283e-01  8.1304e-01  4.3823e-01  7.3000e+01
 3.6000e-01  1.2179e-16  7.0160e-17  5.1049e-01  8.0357e-01  4.3480e-01  7.0000e+01
 4.4000e-01  1.2034e-16  6.9858e-17  5.0441e-01  7.9317e-01  4.3849e-01  7.8000e+01
 5.5000e-01  1.1814e-16  6.9323e-17  4.9521e-01  7.8223e-01  4.2619e-01  7.8000e+01
 7.0000e-01  1.1542e-16  6.8397e-17  4.8382e-01  7.7326e-01  4.0723e-01  6.8000e+01
 8.5000e-01  1.1305e-16  6.7365e-17  4.7388e-01  7.6711e-01  4.0265e-01  7.6000e+01
 1.0000e+00  1.1124e-16  6.6565e-17  4.6628e-01  7.6339e-01  3.8285e-01  6.9000e+01
 1.1500e+00  1.0959e-16  6.5769e-17  4.5938e-01  7.5952e-01  3.7674e-01  7.1000e+01
 1.3000e+00  1.0821e-16  6.5100e-17  4.5360e-01  7.5622e-01  3.7093e-01  7.2000e+01
 1.7000e+00  1.0518e-16  6.3495e-17  4.4089e-01  7.4991e-01  3.6865e-01  7.6000e+01
 2.0000e+00  1.0347e-16  6.2613e-17  4.3370e-01  7.4585e-01  3.5429e-01  6.9000e+01
 2.2000e+00  1.0238e-16  6.2008e-17  4.2913e-01  7.4375e-01  3.5451e-01  6.8000e+01
 2.7000e+00  1.0006e-16  6.0592e-17  4.1940e-01  7.3960e-01  3.5611e-01  7.6000e+01
 3.0000e+00  9.8887e-17  5.9885e-17  4.1450e-01  7.3720e-01  3.5592e-01  7.6000e+01
 3.5000e+00  9.7197e-17  5.8888e-17  4.0741e-01  7.3400e-01  3.4940e-01  6.9000e+01
 4.0000e+00  9.5631e-17  5.7932e-17  4.0085e-01  7.3119e-01  3.4884e-01  7.1000e+01
 4.5000e+00  9.4205e-17  5.7038e-17  3.9487e-01  7.2951e-01  3.4959e-01  7.2000e+01
 5.0000e+00  9.2838e-17  5.6137e-17  3.8914e-01  7.2879e-01  3.5290e-01  7.4000e+01
 5.5000e+00  9.1517e-17  5.5095e-17  3.8361e-01  7.3057e-01  3.6141e-01  7.3000e+01
 6.0000e+00  9.0229e-17  5.3936e-17  3.7821e-01  7.3388e-01  3.7623e-01  7.2000e+01
 6.5000e+00  8.8883e-17  5.2940e-17  3.7256e-01  7.3365e-01  3.8951e-01  7.0000e+01
 7.0000e+00  8.7212e-17  5.1654e-17  3.6556e-01  7.3617e-01  4.0074e-01  7.0000e+01
 7.5000e+00  8.4645e-17  4.9099e-17  3.5480e-01  7.3761e-01  4.2638e-01  6.4000e+01
 8.0000e+00  8.2074e-17  4.5191e-17  3.4402e-01  7.2559e-01  4.4511e-01  6.1000e+01
 8.5000e+00  8.4680e-17  4.6441e-17  3.5495e-01  7.1569e-01  4.6366e-01  6.4000e+01
 9.0000e+00  8.7448e-17  4.8253e-17  3.6655e-01  7.0138e-01  4.8196e-01  6.1000e+01
 9.4000e+00  8.9951e-17  4.9785e-17  3.7704e-01  6.8756e-01  4.9347e-01  6.4000e+01
 9.5500e+00  9.0427e-17  5.0109e-17  3.7903e-01  6.8418e-01  4.9422e-01  6.5000e+01
 9.7000e+00  9.0611e-17  5.0287e-17  3.7981e-01  6.8172e-01  4.9274e-01  6.6000e+01
 9.8500e+00  9.0660e-17  5.0404e-17  3.8001e-01  6.7970e-01  4.9134e-01  6.0000e+01
 1.0000e+01  9.0661e-17  5.0482e-17  3.8002e-01  6.7802e-01  4.9096e-01  6.1000e+01
 1.0500e+01  9.0617e-17  5.0866e-17  3.7983e-01  6.7119e-01  4.8619e-01  6.3000e+01
 1.1000e+01  8.9808e-17  5.0730e-17  3.7644e-01  6.6898e-01  4.7565e-01  6.6000e+01
 1.1300e+01  8.9333e-17  5.0659e-17  3.7445e-01  6.6726e-01  4.7072e-01  6.1000e+01
 1.1600e+01  8.8846e-17  5.0560e-17  3.7241e-01  6.6569e-01  4.6473e-01  6.3000e+01
 1.2000e+01  8.8225e-17  5.0401e-17  3.6981e-01  6.6443e-01  4.5656e-01  6.5000e+01
 1.2500e+01  8.7392e-17  5.0059e-17  3.6631e-01  6.6472e-01  4.4531e-01  6.7000e+01
 1.3000e+01  8.6607e-17  4.9754e-17  3.6302e-01  6.6554e-01  4.3635e-01  6.3000e+01
 1.3500e+01  8.5737e-17  4.9440e-17  3.5937e-01  6.6554e-01  4.2560e-01  6.5000e+01
 1.4000e+01  8.4842e-17  4.8843e-17  3.5563e-01  6.6953e-01  4.1970e-01  6.7000e+01
 1.4500e+01  8.4039e-17  4.8179e-17  3.5226e-01  6.7204e-01  4.2031e-01  6.2000e+01
 1.5000e+01  8.3510e-17  4.7597e-17  3.5004e-01  6.7303e-01  4.2786e-01  6.4000e+01
 1.6000e+01  8.2968e-17  4.6898e-17  3.4777e-01  6.7033e-01  4.3734e-01  6.1000e+01
 1.7000e+01  8.3017e-17  4.6836e-17  3.4797e-01  6.6296e-01  4.4636e-01  6.5000e+01
 1.8000e+01  8.3301e-17  4.7194e-17  3.4917e-01  6.5315e-01  4.4927e-01  6.1000e+01
 1.9000e+01  8.3407e-17  4.7597e-17  3.4961e-01  6.4370e-01  4.4690e-01  6.4000e+01
 2.0000e+01  8.3151e-17  4.7792e-17  3.4854e-01  6.3691e-01  4.4238e-01  6.1000e+01
 2.2000e+01  8.2132e-17  4.7743e-17  3.4426e-01  6.2702e-01  4.2997e-01  5.9000e+01
 2.3000e+01  8.1593e-17  4.7645e-17  3.4201e-01  6.2314e-01  4.2674e-01  6.2000e+01
 2.4000e+01  8.1078e-17  4.7532e-17  3.3985e-01  6.1935e-01  4.2082e-01  6.5000e+01
 2.5000e+01  8.0582e-17  4.7409e-17  3.3777e-01  6.1590e-01  4.1665e-01  6.0000e+01
 2.6000e+01  8.0082e-17  4.7252e-17  3.3567e-01  6.1302e-01  4.1262e-01  6.3000e+01
 2.7000e+01  7.9598e-17  4.7107e-17  3.3364e-01  6.1009e-01  4.0820e-01  6.5000e+01
 2.8000e+01  7.9135e-17  4.6948e-17  3.3170e-01  6.0745e-01  4.0451e-01  6.0000e+01
 3.0000e+01  7.8259e-17  4.6664e-17  3.2803e-01  6.0218e-01  3.9757e-01  6.4000e+01
 3.5000e+01  7.6299e-17  4.5834e-17  3.1982e-01  5.9261e-01  3.8265e-01  6.0000e+01
 4.0000e+01  7.4623e-17  4.5105e-17  3.1279e-01  5.8417e-01  3.7227e-01  6.1000e+01
 4.5000e+01  7.3154e-17  4.4428e-17  3.0663e-01  5.7705e-01  3.6304e-01  6.1000e+01
 5.0000e+01  7.1826e-17  4.3807e-17  3.0107e-01  5.7061e-01  3.5343e-01  6.0000e+01
 5.5000e+01  7.0637e-17  4.3230e-17  2.9608e-01  5.6500e-01  3.4680e-01  6.6000e+01
 6.0000e+01  6.9549e-17  4.2700e-17  2.9152e-01  5.5984e-01  3.4048e-01  6.5000e+01
 6.5000e+01  6.8546e-17  4.2209e-17  2.8732e-01  5.5502e-01  3.3428e-01  6.2000e+01
 7.0000e+01  6.7622e-17  4.1755e-17  2.8345e-01  5.5054e-01  3.2885e-01  6.7000e+01
 7.5000e+01  6.6751e-17  4.1339e-17  2.7980e-01  5.4610e-01  3.2383e-01  6.4000e+01
 8.0000e+01  6.5930e-17  4.0945e-17  2.7636e-01  5.4183e-01  3.1740e-01  6.8000e+01
 8.5000e+01  6.5162e-17  4.0574e-17  2.7313e-01  5.3781e-01  3.1376e-01  6.5000e+01
 9.0000e+01  6.4456e-17  4.0209e-17  2.7018e-01  5.3438e-01  3.0879e-01  6.9000e+01
 9.5000e+01  6.3789e-17  3.9849e-17  2.6738e-01  5.3118e-01  3.0557e-01  6.4000e+01
 1.0000e+02  6.3149e-17  3.9535e-17  2.6470e-01  5.2778e-01  3.0198e-01  6.8000e+01
 1.0500e+02  6.2533e-17  3.9236e-17  2.6211e-01  5.2438e-01  2.9752e-01  6.3000e+01
 1.1000e+02  6.1962e-17  3.8933e-17  2.5972e-01  5.2144e-01  2.9503e-01  6.6000e+01
 1.2000e+02  6.0871e-17  3.8392e-17  2.5515e-01  5.1537e-01  2.8864e-01  6.5000e+01
 1.3000e+02  5.9871e-17  3.7896e-17  2.5096e-01  5.0963e-01  2.8252e-01  7.0000e+01
 1.4000e+02  5.8951e-17  3.7433e-17  2.4710e-01  5.0425e-01  2.7714e-01  6.7000e+01
 1.5000e+02  5.8080e-17  3.7006e-17  2.4345e-01  4.9899e-01  2.7204e-01  6.5000e+01
 2.0000e+02  5.4494e-17  3.5238e-17  2.2842e-01  4.7561e-01  2.5184e-01  6.9000e+01
 2.5000e+02  5.1750e-17  3.3871e-17  2.1692e-01  4.5613e-01  2.3339e-01  6.8000e+01
 3.0000e+02  4.9368e-17  3.2726e-17  2.0693e-01  4.3820e-01  2.1989e-01  7.3000e+01
 4.0000e+02  4.5951e-17  3.1016e-17  1.9261e-01  4.0903e-01  1.9588e-01  6.9000e+01
 5.0000e+02  4.3254e-17  2.9773e-17  1.8130e-01  3.8342e-01  1.7663e-01  6.4000e+01
 7.0000e+02  3.9195e-17  2.7821e-17  1.6429e-01  3.4170e-01  1.4607e-01  6.1000e+01
 1.0000e+03  3.4555e-17  2.5471e-17  1.4484e-01  2.8989e-01  1.2891e-01  7.9000e+01
 4.0000e+03  1.5570e-17  1.2346e-17  6.5264e-02  3.0969e-02  2.3519e-01  7.9000e+01
 1.3000e+04  1.3517e-18  1.9860e-19  5.6658e-03 -1.8799e-01  8.6653e-01  7.8000e+01
 2.0000e+04  8.5925e-19  3.3966e-20  3.6017e-03 -2.0766e-01  8.5608e-01  7.7000e+01
 2.0241e+04  8.4924e-19  3.2367e-20  3.5597e-03 -2.0703e-01  8.5478e-01  7.7041e+01
 2.0486e+04  8.3935e-19  3.0843e-20  3.5183e-03 -2.0640e-01  8.5348e-01  7.7082e+01
 2.0733e+04  8.2957e-19  2.9391e-20  3.4773e-03 -2.0577e-01  8.5219e-01  7.7122e+01
 2.0983e+04  8.1991e-19  2.8007e-20  3.4368e-03 -2.0514e-01  8.5089e-01  7.7163e+01
 2.1236e+04  8.1036e-19  2.6689e-20  3.3968e-03 -2.0451e-01  8.4959e-01  7.7204e+01
 2.1493e+04  8.0092e-19  2.5432e-20  3.3572e-03 -2.0388e-01  8.4829e-01  7.7245e+01
 2.1752e+04  7.9159e-19  2.4235e-20  3.3181e-03 -2.0325e-01  8.4699e-01  7.7286e+01
 2.2014e+04  7.8237e-19  2.3094e-20  3.2794e-03 -2.0262e-01  8.4570e-01  7.7327e+01
 2.2280e+04  7.7326e-19  2.2006e-20  3.2412e-03 -2.0199e-01  8.4440e-01  7.7367e+01
 2.2549e+04  7.6425e-19  2.0970e-20  3.2035e-03 -2.0136e-01  8.4310e-01  7.7408e+01
 2.2821e+04  7.5535e-19  1.9983e-20  3.1662e-03 -2.0073e-01  8.4180e-01  7.7449e+01
 2.3096e+04  7.4655e-19  1.9042e-20  3.1293e-03 -2.0010e-01  8.4050e-01  7.7490e+01
 2.3375e+04  7.3785e-19  1.8146e-20  3.0928e-03 -1.9946e-01  8.3921e-01  7.7531e+01
 2.3657e+04  7.2926e-19  1.7291e-20  3.0568e-03 -1.9883e-01  8.3791e-01  7.7571e+01
 2.3943e+04  7.2076e-19  1.6477e-20  3.0212e-03 -1.9820e-01  8.3661e-01  7.7612e+01
 2.4232e+04  7.1237e-19  1.5702e-20  2.9860e-03 -1.9757e-01  8.3531e-01  7.7653e+01
 2.4524e+04  7.0407e-19  1.4962e-20  2.9512e-03 -1.9694e-01  8.3401e-01  7.7694e+01
 2.4820e+04  6.9587e-19  1.4258e-20  2.9169e-03 -1.9631e-01  8.3272e-01  7.7735e+01
 2.5120e+04  6.8776e-19  1.3587e-20  2.8829e-03 -1.9568e-01  8.3142e-01  7.7776e+01
 2.5423e+04  6.7975e-19  1.2947e-20  2.8493e-03 -1.9505e-01  8.3012e-01  7.7816e+01
 2.5730e+04  6.7183e-19  1.2337e-20  2.8161e-03 -1.9442e-01  8.2882e-01  7.7857e+01
 2.6040e+04  6.6401e-19  1.1757e-20  2.7833e-03 -1.9379e-01  8.2752e-01  7.7898e+01
 2.6354e+04  6.5627e-19  1.1203e-20  2.7509e-03 -1.9316e-01  8.2623e-01  7.7939e+01
 2.6672e+04  6.4863e-19  1.0676e-20  2.7189e-03 -1.9253e-01  8.2493e-01  7.7980e+01
 2.6994e+04  6.4107e-19  1.0173e-20  2.6872e-03 -1.9190e-01  8.2363e-01  7.8020e+01
 2.7320e+04  6.3360e-19  9.6940e-21  2.6559e-03 -1.9127e-01  8.2233e-01  7.8061e+01
 2.7650e+04  6.2622e-19  9.2376e-21  2.6249e-03 -1.9064e-01  8.2104e-01  7.8102e+01
 2.7983e+04  6.1893e-19  8.8027e-21  2.5944e-03 -1.9001e-01  8.1974e-01  7.8143e+01
 2.8321e+04  6.1172e-19  8.3883e-21  2.5641e-03 -1.8938e-01  8.1844e-01  7.8184e+01
 2.8663e+04  6.0459e-19  7.9934e-21  2.5343e-03 -1.8875e-01  8.1714e-01  7.8224e+01
 2.9009e+04  5.9755e-19  7.6170e-21  2.5048e-03 -1.8812e-01  8.1584e-01  7.8265e+01
 2.9359e+04  5.9059e-19  7.2584e-21  2.4756e-03 -1.8749e-01  8.1455e-01  7.8306e+01
 2.9713e+04  5.8371e-19  6.9167e-21  2.4468e-03 -1.8686e-01  8.1325e-01  7.8347e+01
 3.0072e+04  5.7691e-19  6.5910e-21  2.4183e-03 -1.8623e-01  8.1195e-01  7.8388e+01
 3.0435e+04  5.7019e-19  6.2807e-21  2.3901e-03 -1.8560e-01  8.1065e-01  7.8429e+01
 3.0802e+04  5.6355e-19  5.9850e-21  2.3622e-03 -1.8497e-01  8.0935e-01  7.8469e+01
 3.1174e+04  5.5699e-19  5.7033e-21  2.3347e-03 -1.8433e-01  8.0806e-01  7.8510e+01
 3.1550e+04  5.5050e-19  5.4347e-21  2.3075e-03 -1.8370e-01  8.0676e-01  7.8551e+01
 3.1931e+04  5.4409e-19  5.1789e-21  2.2807e-03 -1.8307e-01  8.0546e-01  7.8592e+01
 3.2316e+04  5.3775e-19  4.9350e-21  2.2541e-03 -1.8244e-01  8.0416e-01  7.8633e+01
 3.2706e+04  5.3148e-19  4.7027e-21  2.2278e-03 -1.8181e-01  8.0286e-01  7.8673e+01
 3.3101e+04  5.2529e-19  4.4813e-21  2.2019e-03 -1.8118e-01  8.0157e-01  7.8714e+01
 3.3500e+04  5.1917e-19  4.2703e-21  2.1762e-03 -1.8055e-01  8.0027e-01  7.8755e+01
 3.3904e+04  5.1313e-19  4.0693e-21  2.1509e-03 -1.7992e-01  7.9897e-01  7.8796e+01
 3.4313e+04  5.0715e-19  3.8777e-21  2.1258e-03 -1.7929e-01  7.9767e-01  7.8837e+01
 3.4728e+04  5.0124e-19  3.6951e-21  2.1011e-03 -1.7866e-01  7.9637e-01  7.8878e+01
 3.5147e+04  4.9540e-19  3.5212e-21  2.0766e-03 -1.7803e-01  7.9508e-01  7.8918e+01
 3.5571e+04  4.8963e-19  3.3554e-21  2.0524e-03 -1.7740e-01  7.9378e-01  7.8959e+01
 3.6000e+04  4.8393e-19  3.1974e-21  2.0285e-03 -1.7677e-01  7.9248e-01  7.9000e+01
